9052	1
8840	2
7274	3
7142	4
43	5
7094	6
6218	7
1291	8
9589	9
7910	10
7354	11
473	12
2991	13
9066	14
6732	15
5365	16
1982	17
100	18
1382	19
5450	20
4258	21
5321	22
8603	23
6379	24
4239	25
2390	26
8507	27
2052	28
7961	29
9190	30
4705	31
7309	32
7687	33
5049	34
843	35
1331	36
8163	37
988	38
5162	39
254	40
2512	41
4203	42
6707	43
5708	44
8744	45
2623	46
316	47
7278	48
1234	49
4266	50
2050	51
8825	52
3267	53
8060	54
3253	55
959	56
9192	57
7928	58
7713	59
776	60
5417	61
8111	62
4970	63
769	64
134	65
5332	66
8859	67
7542	68
9318	69
8198	70
5119	71
8348	72
5175	73
6321	74
6420	75
3186	76
4569	77
8911	78
4312	79
8515	80
2907	81
3217	82
4908	83
312	84
1751	85
888	86
2116	87
743	88
495	89
1219	90
2635	91
1988	92
3450	93
8768	94
5360	95
4565	96
7289	97
9439	98
9188	99
7564	100
2489	101
2173	102
5386	103
5590	104
9419	105
2764	106
5566	107
1093	108
6059	109
9619	110
719	111
3733	112
4087	113
3372	114
1378	115
2109	116
5912	117
8775	118
8367	119
5473	120
6335	121
7108	122
4373	123
8087	124
5432	125
7389	126
1315	127
3430	128
1567	129
9167	130
4405	131
780	132
6670	133
9552	134
7871	135
3912	136
9154	137
4859	138
5140	139
4978	140
7139	141
6801	142
9434	143
4516	144
5268	145
4821	146
8731	147
996	148
5968	149
7919	150
5475	151
1808	152
6908	153
6190	154
1661	155
9447	156
935	157
7800	158
4459	159
18	160
7098	161
9189	162
6213	163
6934	164
7401	165
9232	166
7986	167
3887	168
7270	169
3937	170
7055	171
8820	172
1095	173
5285	174
6537	175
1233	176
5659	177
7311	178
9442	179
7580	180
6734	181
7618	182
3867	183
9545	184
8326	185
5500	186
9246	187
9652	188
95	189
3854	190
8987	191
9229	192
8644	193
563	194
4348	195
7559	196
256	197
9512	198
6164	199
6569	200
2477	201
213	202
2285	203
8528	204
4244	205
6195	206
2355	207
8521	208
2233	209
4718	210
8279	211
211	212
4003	213
6241	214
6320	215
4298	216
7628	217
5403	218
5158	219
5487	220
4141	221
7948	222
6867	223
8047	224
3531	225
2118	226
5645	227
9001	228
2280	229
3672	230
7740	231
6897	232
6145	233
6841	234
7053	235
7386	236
165	237
2	238
5130	239
7215	240
1077	241
4842	242
2460	243
9663	244
6960	245
4082	246
8390	247
1245	248
9424	249
5443	250
8099	251
6434	252
7621	253
9097	254
1775	255
7524	256
4008	257
9425	258
1235	259
2323	260
7306	261
2342	262
3684	263
1895	264
5979	265
5944	266
9689	267
7045	268
4094	269
7950	270
6157	271
276	272
7527	273
7905	274
4021	275
4733	276
190	277
1989	278
3427	279
4791	280
8320	281
4401	282
9671	283
8165	284
4626	285
7837	286
4335	287
4995	288
2350	289
8543	290
7790	291
7259	292
8312	293
9114	294
8034	295
6251	296
6496	297
5242	298
9332	299
8889	300
5262	301
9592	302
2360	303
4019	304
1316	305
5861	306
5918	307
2289	308
4310	309
8594	310
104	311
7396	312
5380	313
2837	314
1838	315
2848	316
872	317
5647	318
8447	319
6589	320
4903	321
2169	322
7319	323
3698	324
8483	325
8898	326
5951	327
2542	328
763	329
7587	330
3154	331
582	332
5382	333
7506	334
5915	335
524	336
2513	337
1764	338
5560	339
5663	340
9265	341
5956	342
7144	343
9201	344
6499	345
322	346
1058	347
7969	348
2453	349
9449	350
5391	351
6237	352
1668	353
4366	354
8110	355
2905	356
7765	357
79	358
1455	359
1158	360
6895	361
6970	362
7747	363
1602	364
2881	365
6742	366
9270	367
3076	368
6256	369
824	370
680	371
1211	372
3671	373
577	374
3605	375
759	376
125	377
4575	378
5654	379
3957	380
2338	381
5798	382
2534	383
7651	384
9009	385
5036	386
234	387
243	388
311	389
1385	390
5992	391
223	392
3342	393
2625	394
1689	395
5908	396
2982	397
5260	398
3648	399
297	400
2873	401
6861	402
1698	403
8905	404
782	405
3615	406
8397	407
44	408
3640	409
968	410
6373	411
3159	412
7970	413
4897	414
2191	415
986	416
1965	417
826	418
773	419
4491	420
715	421
999	422
8529	423
6267	424
8235	425
2246	426
6947	427
4350	428
43	429
6798	430
4108	431
2592	432
6972	433
1765	434
355	435
4901	436
2561	437
5854	438
7547	439
232	440
5430	441
9490	442
656	443
4367	444
4912	445
1803	446
5966	447
88	448
3014	449
24	450
6152	451
160	452
2432	453
4617	454
9122	455
8616	456
2382	457
5784	458
5204	459
1387	460
7924	461
7968	462
8869	463
1605	464
4545	465
8827	466
4056	467
1350	468
625	469
6561	470
294	471
2955	472
1342	473
2925	474
1263	475
9420	476
9273	477
2656	478
1177	479
248	480
8135	481
3774	482
8642	483
703	484
3822	485
6689	486
3307	487
5335	488
3503	489
3173	490
2999	491
3026	492
3584	493
6708	494
1970	495
733	496
5132	497
4563	498
579	499
9180	500
538	501
3128	502
3065	503
571	504
5301	505
1565	506
4857	507
24	508
545	509
7592	510
1209	511
3817	512
6560	513
5453	514
4123	515
4386	516
2803	517
3697	518
1247	519
4321	520
1609	521
7407	522
8379	523
1345	524
9397	525
5004	526
5454	527
933	528
4478	529
9551	530
7316	531
8531	532
9398	533
2840	534
9683	535
8419	536
6206	537
6117	538
1652	539
1861	540
7352	541
9137	542
4544	543
6400	544
1264	545
8556	546
2334	547
9179	548
1634	549
9466	550
1115	551
583	552
5068	553
5495	554
1118	555
573	556
4962	557
4448	558
8213	559
8365	560
1189	561
584	562
3772	563
8131	564
1376	565
914	566
1946	567
8423	568
6807	569
2031	570
5023	571
7949	572
5409	573
8667	574
5795	575
3727	576
4004	577
372	578
5338	579
576	580
4430	581
354	582
5480	583
7808	584
4151	585
4738	586
5584	587
3966	588
9233	589
6513	590
8821	591
6866	592
6576	593
3845	594
7572	595
1180	596
7440	597
1349	598
1367	599
685	600
8085	601
8200	602
3364	603
5295	604
5879	605
6559	606
5213	607
4408	608
5953	609
3528	610
7184	611
7475	612
6336	613
8329	614
775	615
2396	616
1017	617
1651	618
4819	619
8257	620
2740	621
1469	622
3098	623
9181	624
8631	625
1949	626
1087	627
972	628
1762	629
9285	630
6361	631
5864	632
6397	633
8780	634
7018	635
238	636
2549	637
5575	638
9324	639
2399	640
1696	641
6979	642
5098	643
8538	644
7321	645
2449	646
1082	647
2969	648
2538	649
516	650
2283	651
878	652
9395	653
2416	654
2107	655
4355	656
6721	657
249	658
7883	659
9007	660
8794	661
3474	662
5710	663
3102	664
1019	665
9084	666
6055	667
7512	668
6056	669
3545	670
230	671
8758	672
7873	673
308	674
6514	675
8517	676
636	677
1546	678
4737	679
4740	680
7160	681
5561	682
7204	683
2589	684
1836	685
404	686
263	687
8669	688
2374	689
3337	690
5699	691
380	692
4910	693
4193	694
1922	695
3725	696
6720	697
3868	698
5462	699
39	700
2706	701
300	702
2414	703
5913	704
453	705
4345	706
5025	707
2172	708
1406	709
6704	710
3368	711
279	712
7163	713
956	714
4637	715
17	716
17	717
17	718
4695	719
7036	720
8434	721
7397	722
1928	723
6516	724
5692	725
7282	726
120	727
5828	728
4000	729
75	730
5579	731
1476	732
6073	733
5284	734
5680	735
890	736
6165	737
4145	738
6025	739
5233	740
506	741
278	742
4625	743
7776	744
4477	745
5437	746
2378	747
1611	748
5702	749
7611	750
1901	751
2392	752
9623	753
2701	754
8702	755
1610	756
1254	757
2915	758
4535	759
109	760
7540	761
876	762
4451	763
5499	764
2440	765
3192	766
1967	767
5227	768
8319	769
6339	770
3376	771
3341	772
3138	773
3718	774
575	775
611	776
3275	777
6255	778
9475	779
6800	780
1509	781
5209	782
1630	783
4427	784
678	785
1678	786
5076	787
1307	788
6593	789
7450	790
3429	791
1868	792
1371	793
4177	794
2707	795
5466	796
943	797
7904	798
9171	799
4351	800
5451	801
9558	802
2025	803
5712	804
2604	805
4775	806
4253	807
9047	808
8499	809
6183	810
8963	811
9347	812
7468	813
137	814
8287	815
284	816
901	817
6359	818
3078	819
6042	820
8541	821
2978	822
8430	823
9342	824
3841	825
940	826
2757	827
4930	828
4822	829
5963	830
5743	831
6757	832
212	833
223	834
8653	835
64	836
219	837
1121	838
6527	839
5631	840
9561	841
5484	842
7724	843
7851	844
2229	845
87	846
4739	847
6455	848
2997	849
6315	850
8994	851
3673	852
8037	853
1201	854
1426	855
2379	856
437	857
132	858
1731	859
4783	860
4388	861
1363	862
331	863
6888	864
6978	865
449	866
6489	867
8757	868
9296	869
5782	870
5950	871
8858	872
7965	873
8371	874
4735	875
4194	876
696	877
3043	878
3305	879
2890	880
5069	881
3594	882
1600	883
2901	884
7952	885
768	886
1002	887
930	888
2696	889
1134	890
2691	891
1728	892
4302	893
142	894
5549	895
9399	896
6988	897
8510	898
1995	899
3726	900
3778	901
4167	902
7310	903
870	904
5646	905
8489	906
1357	907
771	908
3888	909
3914	910
3746	911
840	912
848	913
2518	914
4484	915
2935	916
8872	917
5754	918
3699	919
1998	920
9274	921
3381	922
2500	923
7461	924
196	925
8932	926
6285	927
4377	928
2590	929
7441	930
9550	931
7220	932
6728	933
4773	934
8851	935
7298	936
1190	937
9366	938
9546	939
9566	940
8640	941
6247	942
8150	943
2341	944
7633	945
391	946
2655	947
4120	948
8209	949
285	950
2976	951
3585	952
4117	953
1622	954
3287	955
65	956
5719	957
8009	958
5725	959
3754	960
271	961
1902	962
8409	963
9008	964
6283	965
7529	966
1615	967
1825	968
9005	969
6765	970
2959	971
3885	972
6385	973
2940	974
7166	975
1953	976
9127	977
9565	978
4081	979
6370	980
1708	981
9251	982
7492	983
1144	984
6290	985
1952	986
2724	987
8918	988
8671	989
4973	990
7035	991
9422	992
114	993
2606	994
482	995
5975	996
7870	997
1049	998
2609	999
1826	1000
1226	1001
1241	1002
8856	1003
7387	1004
8439	1005
8410	1006
8385	1007
3798	1008
2485	1009
1842	1010
913	1011
9109	1012
9042	1013
1062	1014
9275	1015
6705	1016
3652	1017
6265	1018
5059	1019
1503	1020
2812	1021
8502	1022
6163	1023
753	1024
3587	1025
2454	1026
644	1027
6369	1028
1667	1029
1992	1030
837	1031
5383	1032
1415	1033
7198	1034
5011	1035
7665	1036
927	1037
4808	1038
5128	1039
1703	1040
5509	1041
4356	1042
5898	1043
3425	1044
371	1045
5615	1046
1512	1047
7531	1048
5856	1049
4353	1050
7976	1051
7491	1052
5476	1053
6367	1054
3243	1055
3447	1056
2370	1057
6549	1058
4666	1059
2039	1060
365	1061
327	1062
2457	1063
4587	1064
5969	1065
5874	1066
5772	1067
8867	1068
4879	1069
4724	1070
1555	1071
5837	1072
239	1073
1111	1074
6851	1075
9611	1076
6619	1077
9406	1078
2868	1079
1798	1080
8727	1081
6454	1082
7852	1083
1445	1084
1473	1085
4306	1086
7438	1087
8876	1088
3896	1089
7645	1090
4340	1091
8793	1092
6330	1093
8634	1094
4227	1095
2551	1096
9194	1097
329	1098
4730	1099
367	1100
5333	1101
4825	1102
3956	1103
1187	1104
7312	1105
5292	1106
2411	1107
7103	1108
7894	1109
7238	1110
5882	1111
4446	1112
9610	1113
2094	1114
6773	1115
3863	1116
10	1117
6493	1118
9290	1119
290	1120
1043	1121
2553	1122
4381	1123
5557	1124
7864	1125
3334	1126
6803	1127
7272	1128
4068	1129
2720	1130
8023	1131
7995	1132
9021	1133
3449	1134
2347	1135
7404	1136
3352	1137
4971	1138
1917	1139
6257	1140
2324	1141
2763	1142
1	1143
111	1144
349	1145
4045	1146
3836	1147
7999	1148
5274	1149
389	1150
9622	1151
6402	1152
2470	1153
6969	1154
3715	1155
2142	1156
4831	1157
2582	1158
155	1159
3120	1160
8662	1161
5314	1162
1259	1163
5167	1164
3441	1165
8275	1166
3736	1167
2967	1168
8234	1169
5120	1170
2936	1171
5469	1172
1422	1173
3200	1174
8123	1175
9148	1176
598	1177
9621	1178
383	1179
2458	1180
2266	1181
2829	1182
9159	1183
2822	1184
5237	1185
6341	1186
4384	1187
8196	1188
1024	1189
1994	1190
3708	1191
6127	1192
7813	1193
5115	1194
604	1195
4532	1196
5316	1197
9328	1198
6470	1199
8885	1200
884	1201
2225	1202
9510	1203
8658	1204
6599	1205
8607	1206
9669	1207
5240	1208
4322	1209
30	1210
9064	1211
7145	1212
5310	1213
915	1214
9687	1215
6216	1216
5902	1217
5270	1218
3734	1219
7483	1220
8405	1221
1071	1222
4431	1223
1978	1224
9361	1225
1221	1226
7533	1227
1418	1228
6151	1229
3980	1230
2391	1231
6830	1232
8688	1233
5607	1234
9505	1235
2493	1236
434	1237
8254	1238
9391	1239
1714	1240
287	1241
1966	1242
3625	1243
2879	1244
3932	1245
4668	1246
3557	1247
8207	1248
3934	1249
5045	1250
7054	1251
4503	1252
8486	1253
4069	1254
7505	1255
6468	1256
3632	1257
6459	1258
4743	1259
9288	1260
2626	1261
3744	1262
2145	1263
7623	1264
204	1265
6306	1266
851	1267
6735	1268
4315	1269
4	1270
1532	1271
7073	1272
8468	1273
7783	1274
8073	1275
3184	1276
75	1277
8236	1278
8795	1279
2024	1280
7187	1281
8624	1282
8875	1283
3129	1284
5031	1285
4399	1286
1853	1287
195	1288
2642	1289
5210	1290
9373	1291
6857	1292
9134	1293
1626	1294
8545	1295
1	1296
1537	1297
6050	1298
2833	1299
5519	1300
1432	1301
3110	1302
2498	1303
1927	1304
7836	1305
6333	1306
6642	1307
5131	1308
653	1309
3467	1310
5932	1311
9076	1312
8256	1313
7637	1314
490	1315
6955	1316
149	1317
7057	1318
2738	1319
7031	1320
7221	1321
801	1322
741	1323
1930	1324
9069	1325
6384	1326
2535	1327
7181	1328
8181	1329
764	1330
5731	1331
9544	1332
4998	1333
4965	1334
3608	1335
181	1336
3850	1337
4533	1338
204	1339
7430	1340
9333	1341
830	1342
4083	1343
70	1344
9309	1345
3658	1346
3707	1347
8684	1348
3550	1349
4173	1350
9350	1351
6624	1352
1704	1353
3748	1354
1216	1355
2127	1356
6716	1357
9150	1358
2138	1359
2239	1360
2030	1361
8976	1362
3847	1363
8036	1364
7912	1365
5617	1366
3659	1367
6890	1368
2209	1369
1827	1370
2928	1371
6471	1372
7356	1373
6855	1374
2160	1375
9161	1376
9650	1377
2197	1378
450	1379
1461	1380
1813	1381
9266	1382
67	1383
3666	1384
8512	1385
5021	1386
8647	1387
7372	1388
220	1389
6322	1390
1707	1391
5977	1392
6029	1393
1402	1394
8752	1395
8583	1396
6197	1397
6846	1398
2510	1399
1149	1400
7424	1401
6692	1402
4839	1403
7341	1404
6829	1405
7545	1406
798	1407
1139	1408
7452	1409
7432	1410
9260	1411
6774	1412
7141	1413
4080	1414
4497	1415
4248	1416
8062	1417
310	1418
7293	1419
1741	1420
8823	1421
1888	1422
5012	1423
8574	1424
262	1425
8930	1426
9356	1427
5427	1428
5134	1429
7549	1430
5838	1431
9636	1432
3363	1433
6001	1434
3357	1435
2578	1436
6099	1437
7554	1438
6	1439
2843	1440
7418	1441
7084	1442
2618	1443
5821	1444
6533	1445
129	1446
6337	1447
9038	1448
1925	1449
1580	1450
6232	1451
8476	1452
8839	1453
6791	1454
6610	1455
142	1456
3920	1457
6684	1458
2533	1459
7046	1460
5687	1461
9539	1462
89	1463
471	1464
3356	1465
3880	1466
7195	1467
3053	1468
6794	1469
3826	1470
8035	1471
530	1472
532	1473
8089	1474
7288	1475
7496	1476
5217	1477
5482	1478
4125	1479
6103	1480
4858	1481
1005	1482
6492	1483
1178	1484
5104	1485
3446	1486
7708	1487
2819	1488
2176	1489
2866	1490
8968	1491
1388	1492
303	1493
4270	1494
7115	1495
7119	1496
7487	1497
4806	1498
1987	1499
270	1500
8897	1501
9608	1502
1636	1503
423	1504
5471	1505
7710	1506
4169	1507
280	1508
9209	1509
4437	1510
1947	1511
22	1512
5215	1513
3010	1514
7684	1515
1256	1516
1955	1517
154	1518
6985	1519
3326	1520
8221	1521
7530	1522
2170	1523
5834	1524
6222	1525
4543	1526
4619	1527
2183	1528
4485	1529
4749	1530
7064	1531
8403	1532
3024	1533
4198	1534
7050	1535
8799	1536
5749	1537
4135	1538
5917	1539
8065	1540
6966	1541
8363	1542
1756	1543
8015	1544
309	1545
4181	1546
1482	1547
1566	1548
8733	1549
6747	1550
5101	1551
1325	1552
3397	1553
5528	1554
5976	1555
5198	1556
4226	1557
2780	1558
4389	1559
5721	1560
5325	1561
258	1562
6693	1563
8745	1564
6925	1565
130	1566
4919	1567
3583	1568
8935	1569
2218	1570
6996	1571
3471	1572
6868	1573
6756	1574
3277	1575
6690	1576
8767	1577
6613	1578
4252	1579
9526	1580
1650	1581
6786	1582
1911	1583
1501	1584
7702	1585
2816	1586
6647	1587
5445	1588
272	1589
3091	1590
6860	1591
2117	1592
23	1593
5709	1594
923	1595
3705	1596
6882	1597
4598	1598
7810	1599
4553	1600
6112	1601
3034	1602
2729	1603
7768	1604
5354	1605
3933	1606
864	1607
984	1608
4455	1609
2887	1610
3590	1611
945	1612
1899	1613
6625	1614
57	1615
5478	1616
4944	1617
6124	1618
1	1619
298	1620
634	1621
969	1622
3756	1623
4614	1624
1801	1625
5397	1626
4074	1627
5531	1628
189	1629
8514	1630
5522	1631
2649	1632
7113	1633
6300	1634
2871	1635
8103	1636
6626	1637
5848	1638
3711	1639
478	1640
9677	1641
7130	1642
6097	1643
441	1644
1283	1645
4263	1646
484	1647
8797	1648
6214	1649
3792	1650
7698	1651
361	1652
4778	1653
6590	1654
5545	1655
2980	1656
6328	1657
3975	1658
6299	1659
4951	1660
4271	1661
1004	1662
6671	1663
5925	1664
8406	1665
4334	1666
426	1667
7009	1668
5537	1669
6346	1670
6484	1671
7229	1672
5789	1673
5498	1674
2755	1675
1666	1676
7453	1677
1593	1678
207	1679
6438	1680
8471	1681
4982	1682
2213	1683
4957	1684
4269	1685
4030	1686
4945	1687
6094	1688
5435	1689
7408	1690
3124	1691
4234	1692
173	1693
4303	1694
4514	1695
1239	1696
8080	1697
7590	1698
4387	1699
4512	1700
9664	1701
1419	1702
5972	1703
201	1704
176	1705
2008	1706
7448	1707
3317	1708
6431	1709
8804	1710
7938	1711
8305	1712
2798	1713
3383	1714
2445	1715
615	1716
8106	1717
6688	1718
8716	1719
3821	1720
8792	1721
9295	1722
8033	1723
592	1724
5288	1725
6899	1726
6115	1727
67	1728
4073	1729
6585	1730
165	1731
8917	1732
1948	1733
3210	1734
1474	1735
7392	1736
4139	1737
7507	1738
7000	1739
5156	1740
2559	1741
5694	1742
5508	1743
6301	1744
1551	1745
5551	1746
4732	1747
3011	1748
8067	1749
9212	1750
7891	1751
2174	1752
7030	1753
7786	1754
6615	1755
8908	1756
4789	1757
2814	1758
1243	1759
7946	1760
286	1761
1270	1762
9489	1763
5479	1764
2509	1765
220	1766
8938	1767
4651	1768
1680	1769
1760	1770
8849	1771
208	1772
4416	1773
4026	1774
6389	1775
6722	1776
8292	1777
8891	1778
7769	1779
2201	1780
2016	1781
5745	1782
9049	1783
2186	1784
2313	1785
5930	1786
63	1787
7642	1788
9481	1789
2139	1790
3066	1791
9476	1792
7885	1793
5604	1794
4170	1795
4711	1796
51	1797
9257	1798
2956	1799
8765	1800
5082	1801
5347	1802
6697	1803
2312	1804
281	1805
5073	1806
5849	1807
7342	1808
977	1809
3248	1810
2690	1811
8239	1812
7427	1813
1471	1814
6077	1815
268	1816
5081	1817
8467	1818
4422	1819
5000	1820
1083	1821
4939	1822
130	1823
2442	1824
2044	1825
5506	1826
664	1827
3477	1828
139	1829
3522	1830
1795	1831
5929	1832
4190	1833
9523	1834
4770	1835
4577	1836
3909	1837
140	1838
7879	1839
7266	1840
2499	1841
2761	1842
5243	1843
9123	1844
222	1845
4048	1846
1705	1847
673	1848
5414	1849
4921	1850
7752	1851
7192	1852
2003	1853
4629	1854
8161	1855
7322	1856
6435	1857
6005	1858
781	1859
6354	1860
6635	1861
6444	1862
2919	1863
1287	1864
3097	1865
8696	1866
7574	1867
2006	1868
6215	1869
1984	1870
8722	1871
9300	1872
2506	1873
1814	1874
1788	1875
1723	1876
5606	1877
206	1878
3103	1879
8493	1880
7972	1881
919	1882
4779	1883
3606	1884
2123	1885
7146	1886
3805	1887
5359	1888
5372	1889
6799	1890
8229	1891
1533	1892
8226	1893
4606	1894
9695	1895
6344	1896
9326	1897
9614	1898
4215	1899
1273	1900
7081	1901
9250	1902
8773	1903
8962	1904
1819	1905
5770	1906
53	1907
2572	1908
7466	1909
3442	1910
4818	1911
600	1912
6061	1913
2786	1914
7889	1915
867	1916
6134	1917
4935	1918
7655	1919
54	1920
9091	1921
2092	1922
9499	1923
717	1924
5648	1925
1554	1926
5651	1927
4473	1928
4529	1929
9403	1930
5595	1931
2155	1932
448	1933
6147	1934
944	1935
8614	1936
2883	1937
358	1938
1943	1939
7490	1940
7709	1941
4790	1942
9158	1943
9196	1944
980	1945
6338	1946
9352	1947
8750	1948
791	1949
46	1950
770	1951
3872	1952
477	1953
6234	1954
3515	1955
7323	1956
4006	1957
9488	1958
9151	1959
442	1960
397	1961
1598	1962
4452	1963
3483	1964
1986	1965
2599	1966
3690	1967
2681	1968
5773	1969
3913	1970
4254	1971
8806	1972
8999	1973
9597	1974
507	1975
740	1976
1529	1977
2101	1978
5093	1979
7538	1980
2184	1981
7973	1982
6659	1983
6085	1984
5742	1985
7159	1986
131	1987
792	1988
8790	1989
3122	1990
4326	1991
8346	1992
1897	1993
7257	1994
7088	1995
6351	1996
1805	1997
5600	1998
46	1999
7728	2000
686	2001
1097	2002
161	2003
5530	2004
4188	2005
274	2006
2140	2007
3533	2008
7854	2009
7409	2010
5846	2011
97	2012
7539	2013
3064	2014
6383	2015
157	2016
9615	2017
121	2018
4584	2019
6907	2020
1389	2021
7189	2022
3498	2023
1029	2024
2084	2025
4228	2026
2860	2027
6441	2028
1439	2029
5037	2030
6476	2031
9075	2032
7105	2033
8665	2034
7486	2035
670	2036
4744	2037
4076	2038
9203	2039
924	2040
5733	2041
6408	2042
1224	2043
159	2044
8202	2045
4314	2046
684	2047
4706	2048
3340	2049
4185	2050
6313	2051
4375	2052
6563	2053
3147	2054
1973	2055
4129	2056
1147	2057
8038	2058
5524	2059
7364	2060
7850	2061
1332	2062
7594	2063
2974	2064
5763	2065
1191	2066
8993	2067
1857	2068
4755	2069
451	2070
6204	2071
3603	2072
3993	2073
45	2074
9691	2075
3270	2076
235	2077
3028	2078
6276	2079
2800	2080
7123	2081
8967	2082
6779	2083
7236	2084
7588	2085
1368	2086
4052	2087
8693	2088
1215	2089
8277	2090
2558	2091
8536	2092
7525	2093
2413	2094
3040	2095
3074	2096
2143	2097
5193	2098
9070	2099
6388	2100
8066	2101
650	2102
3012	2103
83	2104
8980	2105
1375	2106
4060	2107
6904	2108
7843	2109
172	2110
4769	2111
7255	2112
8100	2113
158	2114
7494	2115
2124	2116
5340	2117
6519	2118
1231	2119
160	2120
2464	2121
8144	2122
716	2123
6554	2124
4156	2125
8191	2126
4100	2127
246	2128
989	2129
2468	2130
7666	2131
4723	2132
2430	2133
5058	2134
3049	2135
1381	2136
8188	2137
784	2138
5910	2139
8689	2140
2043	2141
8755	2142
3089	2143
2298	2144
9138	2145
846	2146
3766	2147
608	2148
6885	2149
1262	2150
445	2151
317	2152
4417	2153
8646	2154
1462	2155
4964	2156
90	2157
5370	2158
1457	2159
9289	2160
2287	2161
6945	2162
1494	2163
1022	2164
5516	2165
6713	2166
2058	2167
4486	2168
2760	2169
2693	2170
1026	2171
525	2172
2144	2173
3367	2174
6522	2175
1207	2176
2279	2177
1862	2178
6430	2179
2597	2180
9602	2181
8725	2182
2198	2183
6792	2184
2009	2185
1536	2186
845	2187
123	2188
7174	2189
7425	2190
7097	2191
6506	2192
8431	2193
60	2194
7862	2195
6006	2196
7878	2197
3023	2198
1873	2199
6392	2200
5990	2201
1365	2202
6838	2203
6352	2204
9176	2205
1556	2206
9441	2207
8426	2208
5928	2209
1329	2210
6677	2211
7279	2212
1468	2213
6011	2214
2368	2215
9160	2216
1107	2217
6119	2218
5984	2219
4382	2220
4472	2221
4986	2222
2165	2223
6591	2224
7497	2225
1653	2226
195	2227
8052	2228
2156	2229
8598	2230
3777	2231
6529	2232
2629	2233
9012	2234
5970	2235
6452	2236
6910	2237
3510	2238
2519	2239
9170	2240
5866	2241
5510	2242
6440	2243
9279	2244
187	2245
6052	2246
2646	2247
8852	2248
5572	2249
8098	2250
261	2251
7906	2252
7179	2253
1926	2254
2926	2255
6104	2256
8118	2257
3820	2258
2504	2259
9214	2260
7025	2261
4792	2262
6555	2263
1518	2264
502	2265
4989	2266
7920	2267
4909	2268
2573	2269
7560	2270
2929	2271
3737	2272
2293	2273
5311	2274
7688	2275
3338	2276
7535	2277
5353	2278
1671	2279
6480	2280
2568	2281
2226	2282
200	2283
4490	2284
2459	2285
5611	2286
2992	2287
6460	2288
3424	2289
5236	2290
8251	2291
4284	2292
5859	2293
4526	2294
4443	2295
4066	2296
7700	2297
7049	2298
7292	2299
8051	2300
654	2301
7020	2302
6814	2303
646	2304
2737	2305
2674	2306
145	2307
7489	2308
7569	2309
2	2310
6140	2311
7656	2312
7150	2313
829	2314
8659	2315
1721	2316
237	2317
8112	2318
669	2319
6510	2320
1999	2321
8542	2322
6837	2323
3544	2324
539	2325
6353	2326
6675	2327
5239	2328
6136	2329
6719	2330
6942	2331
2527	2332
7001	2333
2876	2334
6609	2335
6900	2336
34	2337
2852	2338
4079	2339
4078	2340
2823	2341
849	2342
8921	2343
6198	2344
6308	2345
7955	2346
2520	2347
4938	2348
111	2349
1745	2350
3151	2351
263	2352
6975	2353
412	2354
9450	2355
9437	2356
9210	2357
3358	2358
9297	2359
9487	2360
6096	2361
3404	2362
2476	2363
5880	2364
2479	2365
416	2366
9199	2367
8019	2368
1571	2369
1279	2370
8330	2371
4997	2372
3433	2373
4690	2374
1420	2375
273	2376
5178	2377
7640	2378
1711	2379
2587	2380
4352	2381
2657	2382
7759	2383
4931	2384
3866	2385
6725	2386
4672	2387
1052	2388
537	2389
6002	2390
779	2391
3540	2392
3981	2393
5396	2394
520	2395
6730	2396
682	2397
526	2398
9369	2399
3179	2400
5035	2401
8817	2402
225	2403
5171	2404
3320	2405
9101	2406
8001	2407
7626	2408
4344	2409
33	2410
33	2411
7686	2412
1830	2413
3182	2414
9578	2415
8558	2416
3649	2417
6271	2418
7815	2419
1250	2420
4205	2421
2792	2422
3119	2423
3061	2424
1308	2425
6614	2426
8448	2427
4698	2428
8337	2429
964	2430
7473	2431
8300	2432
4574	2433
4566	2434
5851	2435
8438	2436
8307	2437
6991	2438
5317	2439
9115	2440
2276	2441
6662	2442
5350	2443
2108	2444
6111	2445
6508	2446
3096	2447
4588	2448
7543	2449
1886	2450
3624	2451
2996	2452
568	2453
7320	2454
9564	2455
6571	2456
861	2457
1635	2458
5799	2459
8546	2460
5677	2461
5229	2462
6802	2463
5159	2464
7327	2465
5190	2466
3588	2467
221	2468
4956	2469
9240	2470
212	2471
3132	2472
2208	2473
432	2474
4357	2475
3986	2476
4837	2477
2805	2478
1570	2479
3158	2480
1076	2481
5345	2482
9056	2483
5650	2484
4460	2485
5875	2486
3905	2487
1743	2488
8178	2489
3155	2490
229	2491
9365	2492
7112	2493
2286	2494
7227	2495
6667	2496
659	2497
8267	2498
5934	2499
2820	2500
70	2501
7658	2502
5718	2503
1908	2504
5693	2505
1011	2506
4862	2507
8027	2508
8386	2509
4116	2510
1200	2511
1608	2512
407	2513
9286	2514
755	2515
2409	2516
5212	2517
5312	2518
3553	2519
5494	2520
647	2521
5446	2522
8184	2523
2951	2524
7780	2525
6297	2526
2037	2527
1681	2528
2053	2529
7960	2530
9431	2531
5501	2532
2135	2533
2104	2534
6804	2535
1769	2536
3691	2537
7601	2538
9503	2539
6828	2540
6687	2541
4461	2542
4631	2543
4518	2544
8519	2545
9121	2546
5886	2547
6733	2548
860	2549
5150	2550
2525	2551
3276	2552
2813	2553
1860	2554
8761	2555
5352	2556
8347	2557
2021	2558
8242	2559
338	2560
1848	2561
8747	2562
3465	2563
931	2564
6743	2565
5283	2566
8243	2567
6380	2568
7858	2569
60	2570
5807	2571
1975	2572
9166	2573
6949	2574
9661	2575
9045	2576
6347	2577
1102	2578
804	2579
3071	2580
1740	2581
4900	2582
4134	2583
8565	2584
8377	2585
8830	2586
4648	2587
7470	2588
1047	2589
2741	2590
2385	2591
5942	2592
3252	2593
8907	2594
9462	2595
5565	2596
6518	2597
2747	2598
7286	2599
1343	2600
8509	2601
4850	2602
1959	2603
9081	2604
3523	2605
5751	2606
9054	2607
3930	2608
1530	2609
101	2610
255	2611
9050	2612
6665	2613
6843	2614
1369	2615
6957	2616
8953	2617
274	2618
2348	2619
3235	2620
1499	2621
500	2622
2157	2623
7898	2624
3019	2625
4174	2626
7900	2627
5418	2628
3152	2629
9470	2630
9559	2631
722	2632
6853	2633
3240	2634
6446	2635
315	2636
167	2637
5550	2638
3067	2639
9222	2640
8298	2641
115	2642
6678	2643
1983	2644
105	2645
2776	2646
7749	2647
4017	2648
5048	2649
926	2650
7787	2651
4410	2652
9006	2653
5689	2654
6123	2655
9117	2656
5330	2657
2633	2658
4785	2659
4853	2660
6474	2661
9157	2662
6739	2663
7467	2664
4152	2665
3478	2666
1196	2667
4922	2668
8421	2669
2946	2670
6946	2671
8417	2672
4468	2673
3168	2674
1148	2675
7222	2676
2607	2677
7449	2678
2669	2679
9282	2680
2351	2681
2971	2682
2891	2683
2705	2684
102	2685
8354	2686
1687	2687
184	2688
807	2689
5783	2690
5812	2691
72	2692
5105	2693
8487	2694
5468	2695
8714	2696
7325	2697
1889	2698
5309	2699
381	2700
3371	2701
6450	2702
42	2703
116	2704
2310	2705
691	2706
3922	2707
1631	2708
5652	2709
6878	2710
8465	2711
6277	2712
4225	2713
7374	2714
9401	2715
6637	2716
2882	2717
7682	2718
26	2719
6775	2720
7781	2721
227	2722
4593	2723
9010	2724
7233	2725
6612	2726
7165	2727
3589	2728
447	2729
8457	2730
1562	2731
4229	2732
4407	2733
6486	2734
6487	2735
5384	2736
2335	2737
954	2738
6102	2739
1237	2740
7831	2741
3682	2742
3469	2743
2001	2744
3454	2745
6683	2746
9302	2747
3717	2748
4950	2749
2257	2750
6268	2751
5739	2752
4354	2753
7984	2754
9322	2755
4233	2756
2320	2757
3042	2758
8384	2759
4454	2760
2849	2761
7371	2762
9514	2763
1272	2764
2675	2765
2167	2766
7369	2767
8850	2768
4767	2769
5161	2770
5457	2771
339	2772
6648	2773
6447	2774
8708	2775
4339	2776
5641	2777
9178	2778
5853	2779
9543	2780
5933	2781
5043	2782
198	2783
8595	2784
21	2785
7756	2786
9590	2787
3234	2788
7077	2789
1098	2790
7838	2791
7373	2792
6188	2793
2869	2794
5166	2795
5609	2796
2429	2797
9628	2798
15	2799
3514	2800
1841	2801
6448	2802
3524	2803
6184	2804
6179	2805
4578	2806
9139	2807
6797	2808
250	2809
3722	2810
3035	2811
141	2812
1591	2813
227	2814
2111	2815
8904	2816
7605	2817
2898	2818
4359	2819
9509	2820
7659	2821
9335	2822
6819	2823
5940	2824
3571	2825
6736	2826
2984	2827
5916	2828
8053	2829
6137	2830
4816	2831
7729	2832
4701	2833
6415	2834
6952	2835
2678	2836
805	2837
5170	2838
1715	2839
6686	2840
4044	2841
7268	2842
7632	2843
9182	2844
6090	2845
2874	2846
4595	2847
6495	2848
8501	2849
3269	2850
2121	2851
938	2852
7089	2853
4211	2854
5801	2855
7256	2856
8791	2857
5329	2858
3413	2859
1472	2860
5113	2861
4320	2862
4440	2863
1883	2864
6566	2865
9341	2866
7200	2867
5873	2868
7842	2869
757	2870
7171	2871
3216	2872
279	2873
2112	2874
2554	2875
9077	2876
2593	2877
6876	2878
2692	2879
2222	2880
3	2881
8142	2882
47	2883
1236	2884
9626	2885
4031	2886
11	2887
2217	2888
6806	2889
3566	2890
9040	2891
7833	2892
194	2893
8010	2894
1771	2895
8774	2896
708	2897
6902	2898
4075	2899
7942	2900
9576	2901
7044	2902
3050	2903
80	2904
3380	2905
8231	2906
1260	2907
3388	2908
8473	2909
2767	2910
475	2911
4159	2912
1150	2913
2250	2914
5777	2915
1910	2916
5558	2917
2769	2918
2049	2919
6478	2920
7834	2921
9630	2922
5564	2923
5392	2924
8469	2925
5151	2926
1604	2927
9071	2928
1738	2929
7459	2930
5911	2931
3224	2932
3569	2933
179	2934
488	2935
6631	2936
7092	2937
5623	2938
8308	2939
4665	2940
1050	2941
962	2942
7816	2943
191	2944
4435	2945
9028	2946
648	2947
6570	2948
8699	2949
4675	2950
2943	2951
55	2952
1467	2953
9205	2954
2216	2955
574	2956
6737	2957
3325	2958
7552	2959
7565	2960
4662	2961
86	2962
86	2963
3763	2964
2346	2965
5168	2966
85	2967
8760	2968
8382	2969
7378	2970
4540	2971
2284	2972
7026	2973
245	2974
1159	2975
6022	2976
4867	2977
2682	2978
9516	2979
7248	2980
2012	2981
9238	2982
866	2983
7914	2984
8690	2985
1851	2986
5878	2987
4736	2988
2332	2989
8204	2990
4895	2991
5429	2992
405	2993
6680	2994
6412	2995
4380	2996
7304	2997
7330	2998
6407	2999
4928	3000
4092	3001
6711	3002
4596	3003
113	3004
6534	3005
5302	3006
570	3007
3502	3008
8723	3009
1085	3010
1935	3011
2652	3012
2297	3013
7156	3014
5293	3015
5091	3016
3073	3017
7028	3018
6917	3019
6362	3020
83	3021
118	3022
5686	3023
3482	3024
8451	3025
126	3026
8450	3027
6266	3028
4557	3029
7822	3030
783	3031
3828	3032
271	3033
6826	3034
7484	3035
5744	3036
3145	3037
1831	3038
8964	3039
7479	3040
2836	3041
7591	3042
13	3043
2947	3044
9600	3045
8193	3046
7260	3047
153	3048
4699	3049
58	3050
5785	3051
182	3052
3760	3053
3434	3054
7989	3055
7186	3056
6787	3057
6883	3058
5074	3059
9388	3060
2815	3061
1563	3062
1423	3063
3667	3064
2473	3065
1352	3066
8393	3067
6416	3068
629	3069
1025	3070
29	3071
464	3072
7228	3073
5845	3074
1222	3075
857	3076
511	3077
4994	3078
9408	3079
1069	3080
8504	3081
215	3082
2447	3083
4002	3084
5957	3085
32	3086
8119	3087
7725	3088
9223	3089
5126	3090
240	3091
3075	3092
6413	3093
3838	3094
4509	3095
8146	3096
2130	3097
3595	3098
31	3099
4290	3100
2463	3101
2963	3102
4324	3103
1882	3104
5955	3105
5336	3106
273	3107
6777	3108
7415	3109
6259	3110
2154	3111
5750	3112
8785	3113
6058	3114
6763	3115
1535	3116
4471	3117
2773	3118
2680	3119
7877	3120
3299	3121
6342	3122
5348	3123
7175	3124
4143	3125
8247	3126
6938	3127
2249	3128
118	3129
4953	3130
8868	3131
4360	3132
8281	3133
5720	3134
277	3135
7003	3136
9312	3137
8593	3138
370	3139
179	3140
8442	3141
9256	3142
2896	3143
8183	3144
2475	3145
6567	3146
5567	3147
3384	3148
905	3149
8802	3150
8818	3151
5760	3152
2194	3153
7029	3154
1466	3155
3635	3156
4436	3157
6180	3158
3656	3159
1132	3160
3274	3161
2617	3162
6319	3163
6003	3164
1246	3165
4805	3166
9271	3167
2810	3168
8113	3169
3849	3170
7339	3171
6827	3172
5173	3173
4602	3174
5534	3175
295	3176
3319	3177
96	3178
6512	3179
240	3180
8478	3181
6558	3182
2394	3183
98	3184
68	3185
232	3186
1820	3187
965	3188
9073	3189
4523	3190
3036	3191
1297	3192
698	3193
3369	3194
2488	3195
4133	3196
6781	3197
3538	3198
2132	3199
6043	3200
2202	3201
8250	3202
4955	3203
2972	3204
3559	3205
522	3206
9624	3207
6467	3208
9062	3209
8057	3210
4513	3211
2977	3212
8771	3213
262	3214
4191	3215
3086	3216
5998	3217
1879	3218
6193	3219
4038	3220
887	3221
3254	3222
7521	3223
5513	3224
2885	3225
121	3226
7070	3227
319	3228
4160	3229
350	3230
3281	3231
3950	3232
6221	3233
7652	3234
8983	3235
4646	3236
8232	3237
6135	3238
9675	3239
9648	3240
3196	3241
4155	3242
7711	3243
2909	3244
8513	3245
6948	3246
6579	3247
9477	3248
847	3249
9354	3250
3475	3251
1685	3252
7488	3253
16	3254
2400	3255
2630	3256
5732	3257
3046	3258
8951	3259
8369	3260
7856	3261
2251	3262
4843	3263
1823	3264
7421	3265
738	3266
4197	3267
1128	3268
2828	3269
3327	3270
9316	3271
2728	3272
7835	3273
8264	3274
4809	3275
4063	3276
7689	3277
1044	3278
2073	3279
8639	3280
9253	3281
3619	3282
5087	3283
7932	3284
3955	3285
9498	3286
9646	3287
443	3288
8157	3289
5169	3290
599	3291
2327	3292
1448	3293
5666	3294
4548	3295
3832	3296
1776	3297
1785	3298
643	3299
564	3300
5177	3301
8205	3302
3193	3303
3296	3304
1770	3305
3508	3306
7249	3307
5662	3308
7099	3309
6182	3310
5964	3311
3680	3312
4799	3313
6931	3314
139	3315
7888	3316
5771	3317
1475	3318
8479	3319
58	3320
7923	3321
817	3322
7522	3323
6318	3324
6869	3325
4852	3326
5862	3327
13	3328
4442	3329
1155	3330
6422	3331
5107	3332
6229	3333
4835	3334
2612	3335
3421	3336
9245	3337
2248	3338
7922	3339
4940	3340
5740	3341
1296	3342
7125	3343
27	3344
6893	3345
4453	3346
3775	3347
8311	3348
6130	3349
1035	3350
5256	3351
3292	3352
4826	3353
6049	3354
3877	3355
7532	3356
7868	3357
7402	3358
2063	3359
8924	3360
8399	3361
6995	3362
4118	3363
5241	3364
152	3365
3157	3366
5294	3367
1398	3368
7714	3369
8871	3370
6740	3371
865	3372
5406	3373
4530	3374
9022	3375
5379	3376
8464	3377
5357	3378
7994	3379
736	3380
6089	3381
9404	3382
6000	3383
3314	3384
125	3385
623	3386
8934	3387
97	3388
1491	3389
1393	3390
8842	3391
3435	3392
3265	3393
4664	3394
5138	3395
2766	3396
9183	3397
7329	3398
5620	3399
1344	3400
4426	3401
3331	3402
1932	3403
9082	3404
8115	3405
5257	3406
8006	3407
7209	3408
1198	3409
4840	3410
1036	3411
9247	3412
8182	3413
7980	3414
2771	3415
957	3416
5527	3417
1817	3418
5041	3419
4304	3420
9120	3421
98	3422
2895	3423
3555	3424
5232	3425
5490	3426
908	3427
8928	3428
6964	3429
1094	3430
9649	3431
79	3432
6284	3433
1392	3434
5047	3435
1730	3436
6961	3437
9518	3438
8091	3439
4166	3440
7393	3441
9058	3442
1840	3443
2989	3444
8629	3445
7471	3446
666	3447
5792	3448
1337	3449
5299	3450
7433	3451
9017	3452
8030	3453
6731	3454
2137	3455
1444	3456
6632	3457
712	3458
8940	3459
7183	3460
4297	3461
9540	3462
6149	3463
633	3464
706	3465
9674	3466
8137	3467
8713	3468
4104	3469
373	3470
7676	3471
6729	3472
3400	3473
59	3474
9631	3475
5618	3476
7127	3477
7517	3478
5280	3479
9394	3480
2087	3481
7909	3482
2235	3483
91	3484
5639	3485
997	3486
4261	3487
3440	3488
242	3489
9026	3490
7182	3491
3170	3492
3739	3493
6880	3494
6963	3495
4223	3496
1638	3497
7739	3498
8169	3499
1539	3500
1145	3501
1428	3502
6138	3503
6356	3504
4594	3505
1208	3506
4109	3507
5179	3508
11	3509
7567	3510
6173	3511
250	3512
487	3513
5009	3514
8922	3515
2941	3516
6009	3517
7201	3518
1408	3519
4285	3520
3457	3521
7827	3522
4604	3523
7391	3524
874	3525
7746	3526
6971	3527
5032	3528
8095	3529
9144	3530
1812	3531
567	3532
2739	3533
3092	3534
8844	3535
2259	3536
4687	3537
3797	3538
5488	3539
6548	3540
4262	3541
4872	3542
3895	3543
504	3544
410	3545
8391	3546
7017	3547
6368	3548
2240	3549
5962	3550
5112	3551
85	3552
4676	3553
92	3554
6654	3555
8648	3556
8701	3557
4534	3558
5655	3559
6584	3560
3016	3561
6034	3562
8352	3563
2979	3564
6424	3565
2064	3566
9635	3567
7598	3568
3780	3569
9651	3570
198	3571
7558	3572
7355	3573
3112	3574
1710	3575
3721	3576
2405	3577
1847	3578
3056	3579
7661	3580
66	3581
1451	3582
6428	3583
4	3584
3405	3585
5180	3586
1487	3587
1601	3588
5368	3589
3857	3590
6913	3591
8735	3592
8096	3593
7566	3594
4979	3595
8044	3596
1063	3597
343	3598
1543	3599
8937	3600
5315	3601
6414	3602
8754	3603
1348	3604
7975	3605
7648	3606
8032	3607
5660	3608
8580	3609
631	3610
2361	3611
7381	3612
1658	3613
3749	3614
903	3615
7818	3616
7515	3617
8909	3618
1572	3619
3729	3620
3250	3621
5679	3622
7370	3623
2353	3624
5	3625
5682	3626
8316	3627
587	3628
5408	3629
5810	3630
9446	3631
949	3632
3910	3633
1092	3634
5277	3635
8710	3636
8508	3637
2206	3638
177	3639
4657	3640
5039	3641
5491	3642
4954	3643
3902	3644
6366	3645
1335	3646
2877	3647
1709	3648
7577	3649
1786	3650
2330	3651
7362	3652
7469	3653
1407	3654
5155	3655
7699	3656
9255	3657
7349	3658
4295	3659
3353	3660
1933	3661
4364	3662
730	3663
5827	3664
403	3665
5034	3666
1257	3667
3051	3668
8857	3669
1020	3670
3389	3671
5621	3672
1013	3673
1997	3674
7271	3675
2628	3676
3654	3677
9100	3678
590	3679
8704	3680
3855	3681
3662	3682
216	3683
3716	3684
6201	3685
1639	3686
7340	3687
9306	3688
5042	3689
3218	3690
898	3691
4218	3692
8334	3693
7284	3694
164	3695
9660	3696
6458	3697
6239	3698
8482	3699
6008	3700
9013	3701
146	3702
81	3703
6669	3704
5514	3705
6432	3706
7660	3707
6956	3708
3580	3709
3581	3710
3396	3711
4613	3712
3259	3713
3926	3714
5402	3715
7010	3716
8494	3717
129	3718
1768	3719
7814	3720
8822	3721
8208	3722
1370	3723
1242	3724
9	3725
2051	3726
1185	3727
5486	3728
9011	3729
4235	3730
2187	3731
705	3732
9573	3733
3564	3734
8826	3735
4633	3736
4655	3737
6295	3738
1921	3739
328	3740
1940	3741
5304	3742
856	3743
1633	3744
3123	3745
5080	3746
3139	3747
6824	3748
3130	3749
8985	3750
4172	3751
6542	3752
6162	3753
4441	3754
2893	3755
3842	3756
1133	3757
5937	3758
7120	3759
119	3760
1845	3761
4119	3762
4546	3763
6178	3764
7586	3765
578	3766
187	3767
9057	3768
747	3769
1449	3770
4330	3771
3037	3772
6926	3773
3500	3774
8703	3775
2545	3776
1581	3777
745	3778
2079	3779
1299	3780
9432	3781
9276	3782
990	3783
2718	3784
5610	3785
5830	3786
1936	3787
7881	3788
103	3789
234	3790
8059	3791
6200	3792
6128	3793
4242	3794
3794	3795
694	3796
1787	3797
1099	3798
1718	3799
2667	3800
2787	3801
9459	3802
6753	3803
7162	3804
4432	3805
1066	3806
486	3807
1320	3808
1621	3809
549	3810
6023	3811
3080	3812
5121	3813
5381	3814
1599	3815
3720	3816
6962	3817
6805	3818
1550	3819
4061	3820
345	3821
6436	3822
231	3823
5002	3824
6158	3825
9360	3826
9474	3827
4873	3828
9471	3829
2273	3830
2147	3831
789	3832
2220	3833
9599	3834
7721	3835
2577	3836
8155	3837
2576	3838
9155	3839
5894	3840
2772	3841
8706	3842
7771	3843
2223	3844
4836	3845
8416	3846
721	3847
4886	3848
7668	3849
3495	3850
1589	3851
6565	3852
4762	3853
9486	3854
4834	3855
5400	3856
5135	3857
4716	3858
7991	3859
1659	3860
2608	3861
9586	3862
1120	3863
2	3864
2247	3865
5050	3866
4905	3867
1481	3868
3466	3869
5870	3870
2300	3871
3675	3872
9370	3873
4070	3874
4719	3875
8787	3876
909	3877
8782	3878
8756	3879
8548	3880
8698	3881
7508	3882
3055	3883
1114	3884
1887	3885
5583	3886
6502	3887
8056	3888
27	3889
885	3890
6782	3891
4456	3892
6286	3893
2125	3894
9107	3895
8016	3896
2557	3897
9473	3898
257	3899
4824	3900
164	3901
6062	3902
7570	3903
1766	3904
1996	3905
5698	3906
7988	3907
4483	3908
5635	3909
6069	3910
3646	3911
7825	3912
6114	3913
8819	3914
4562	3915
1016	3916
5102	3917
3135	3918
1713	3919
4251	3920
7480	3921
3853	3922
4573	3923
162	3924
7748	3925
481	3926
1875	3927
6076	3928
1302	3929
9088	3930
3309	3931
2060	3932
7110	3933
5174	3934
1281	3935
9125	3936
2074	3937
702	3938
1397	3939
4221	3940
4317	3941
8855	3942
8258	3943
9321	3944
3971	3945
5599	3946
2854	3947
8798	3948
1249	3949
2746	3950
1096	3951
2304	3952
4161	3953
9090	3954
947	3955
811	3956
5077	3957
2427	3958
9327	3959
2377	3960
5980	3961
4712	3962
1686	3963
47	3964
2679	3965
9243	3966
7536	3967
109	3968
5761	3969
3227	3970
5887	3971
2204	3972
3735	3973
1691	3974
1919	3975
588	3976
1383	3977
5831	3978
7004	3979
6473	3980
5234	3981
25	3982
4020	3983
3355	3984
7152	3985
2639	3986
6316	3987
39	3988
7247	3989
974	3990
3121	3991
3899	3992
6294	3993
1396	3994
6617	3995
1514	3996
7791	3997
7185	3998
5152	3999
569	4000
7913	4001
1276	4002
3172	4003
4327	4004
6536	4005
4499	4006
4647	4007
3114	4008
8270	4009
8927	4010
4869	4011
4671	4012
2634	4013
2503	4014
185	4015
9680	4016
9416	4017
3009	4018
4591	4019
4179	4020
547	4021
3788	4022
7347	4023
1782	4024
9055	4025
9126	4026
6288	4027
176	4028
9014	4029
6212	4030
197	4031
5691	4032
4630	4033
4113	4034
724	4035
3900	4036
392	4037
3851	4038
2880	4039
1339	4040
7829	4041
1170	4042
858	4043
2821	4044
8865	4045
8816	4046
9595	4047
6091	4048
6817	4049
2742	4050
731	4051
8981	4052
347	4053
53	4054
4005	4055
8222	4056
2643	4057
3029	4058
7600	4059
1937	4060
117	4061
5672	4062
7095	4063
5228	4064
9613	4065
5722	4066
8383	4067
9644	4068
8050	4069
704	4070
7012	4071
9319	4072
5985	4073
4752	4074
4148	4075
8896	4076
3093	4077
7317	4078
8197	4079
2020	4080
5371	4081
2096	4082
209	4083
9186	4084
1727	4085
463	4086
236	4087
4107	4088
3166	4089
9095	4090
1789	4091
754	4092
4640	4093
9547	4094
2994	4095
1124	4096
8074	4097
3745	4098
1706	4099
5056	4100
4313	4101
1855	4102
7639	4103
14	4104
2725	4105
523	4106
3964	4107
1843	4108
8585	4109
4538	4110
4397	4111
9215	4112
5154	4113
6153	4114
266	4115
3770	4116
4764	4117
4713	4118
6282	4119
3241	4120
7431	4121
3373	4122
2301	4123
1833	4124
8562	4125
1614	4126
3329	4127
1923	4128
3228	4129
7241	4130
158	4131
5095	4132
178	4133
1641	4134
4985	4135
5850	4136
7520	4137
6935	4138
2944	4139
6517	4140
5669	4141
1230	4142
9690	4143
7990	4144
5084	4145
8809	4146
6293	4147
2758	4148
8860	4149
1292	4150
5061	4151
5753	4152
3436	4153
6131	4154
6658	4155
2842	4156
2495	4157
5540	4158
6749	4159
5291	4160
2263	4161
7382	4162
585	4163
4279	4164
509	4165
9654	4166
2824	4167
869	4168
2497	4169
1527	4170
4206	4171
282	4172
5813	4173
5791	4174
6520	4175
5375	4176
9501	4177
8271	4178
1753	4179
6240	4180
4494	4181
8584	4182
197	4183
78	4184
7136	4185
2566	4186
210	4187
2834	4188
6307	4189
5941	4190
5410	4191
785	4192
7357	4193
536	4194
8886	4195
5582	4196
8578	4197
690	4198
4053	4199
5543	4200
2352	4201
2004	4202
8676	4203
8306	4204
3205	4205
20	4206
6959	4207
8072	4208
8453	4209
4041	4210
7076	4211
4727	4212
1702	4213
175	4214
3669	4215
7376	4216
1807	4217
8741	4218
7366	4219
5608	4220
7931	4221
208	4222
7126	4223
8535	4224
6427	4225
9129	4226
7908	4227
8571	4228
4572	4229
3989	4230
8058	4231
5413	4232
9143	4233
3786	4234
3812	4235
2802	4236
4275	4237
122	4238
5358	4239
3996	4240
910	4241
2146	4242
3759	4243
2436	4244
3394	4245
7943	4246
5092	4247
855	4248
2832	4249
748	4250
8718	4251
1871	4252
9617	4253
5822	4254
5852	4255
8652	4256
5823	4257
5835	4258
8670	4259
3728	4260
2878	4261
8097	4262
3636	4263
8069	4264
156	4265
9113	4266
5306	4267
3007	4268
2550	4269
16	4270
2653	4271
6783	4272
6279	4273
3316	4274
7824	4275
6694	4276
6932	4277
8077	4278
8628	4279
3929	4280
4996	4281
534	4282
100	4283
6349	4284
6262	4285
4037	4286
4470	4287
742	4288
8456	4289
758	4290
387	4291
3970	4292
4714	4293
7478	4294
6699	4295
2857	4296
4029	4297
2159	4298
4959	4299
9357	4300
8061	4301
9163	4302
4974	4303
4623	4304
8461	4305
1427	4306
7041	4307
4237	4308
749	4309
2636	4310
5553	4311
3928	4312
1310	4313
9053	4314
4276	4315
6167	4316
5097	4317
5863	4318
7065	4319
9676	4320
9491	4321
5286	4322
2236	4323
3153	4324
6020	4325
101	4326
4420	4327
9323	4328
1799	4329
6377	4330
8344	4331
5762	4332
5079	4333
5183	4334
7463	4335
9358	4336
5390	4337
4650	4338
9280	4339
3412	4340
9553	4341
9351	4342
7176	4343
1939	4344
8167	4345
2570	4346
6121	4347
6636	4348
2796	4349
2302	4350
9637	4351
1101	4352
2278	4353
52	4354
4202	4355
1665	4356
7933	4357
836	4358
3871	4359
7671	4360
9344	4361
6950	4362
2745	4363
1811	4364
7363	4365
2699	4366
6116	4367
5071	4368
2670	4369
2081	4370
7190	4371
36	4372
8623	4373
9633	4374
4046	4375
6714	4376
7133	4377
6967	4378
4882	4379
900	4380
8630	4381
1434	4382
6977	4383
6296	4384
6466	4385
9235	4386
6712	4387
1900	4388
5897	4389
494	4390
6611	4391
6903	4392
4522	4393
8400	4394
6331	4395
282	4396
1340	4397
3082	4398
6845	4399
1804	4400
6839	4401
497	4402
683	4403
3811	4404
3361	4405
266	4406
9686	4407
3613	4408
1683	4409
8260	4410
3963	4411
5705	4412
8049	4413
4072	4414
3790	4415
4641	4416
1547	4417
921	4418
3351	4419
2491	4420
895	4421
9034	4422
9601	4423
3017	4424
6983	4425
4180	4426
4036	4427
9207	4428
760	4429
8841	4430
9085	4431
4800	4432
4392	4433
1271	4434
8743	4435
7426	4436
5089	4437
5188	4438
4007	4439
1549	4440
3921	4441
9493	4442
2598	4443
8599	4444
4838	4445
5145	4446
3497	4447
7052	4448
3870	4449
4715	4450
1440	4451
2290	4452
2128	4453
1912	4454
122	4455
6233	4456
1507	4457
4130	4458
3395	4459
6199	4460
3491	4461
4012	4462
8420	4463
9454	4464
961	4465
8770	4466
5461	4467
6840	4468
7016	4469
1839	4470
332	4471
1951	4472
8068	4473
5014	4474
7413	4475
2211	4476
1870	4477
4829	4478
6717	4479
2524	4480
8947	4481
8829	4482
7785	4483
5790	4484
1576	4485
163	4486
3692	4487
4933	4488
6209	4489
2631	4490
4162	4491
2221	4492
7884	4493
7059	4494
9494	4495
3479	4496
4702	4497
2431	4498
4669	4499
1767	4500
4888	4501
5954	4502
2790	4503
5653	4504
5230	4505
5305	4506
3174	4507
5246	4508
5503	4509
786	4510
7502	4511
150	4512
3958	4513
4771	4514
5385	4515
8679	4516
2658	4517
7631	4518
8309	4519
3143	4520
2779	4521
8317	4522
4656	4523
2934	4524
2040	4525
6442	4526
1162	4527
218	4528
5948	4529
1326	4530
4230	4531
7313	4532
3814	4533
6531	4534
2241	4535
2641	4536
6019	4537
4479	4538
1520	4539
446	4540
115	4541
7585	4542
8601	4543
107	4544
458	4545
3791	4546
8081	4547
9375	4548
5681	4549
6858	4550
4550	4551
7299	4552
2864	4553
2923	4554
3137	4555
6177	4556
76	4557
6126	4558
4670	4559
8321	4560
2659	4561
6224	4562
7218	4563
939	4564
7899	4565
4564	4566
5674	4567
4268	4568
6181	4569
958	4570
7918	4571
3626	4572
4402	4573
6682	4574
2428	4575
2856	4576
5404	4577
6317	4578
8366	4579
342	4580
6811	4581
5839	4582
6821	4583
1618	4584
1750	4585
4273	4586
1072	4587
4660	4588
2927	4589
7712	4590
1328	4591
4316	4592
8335	4593
2011	4594
4658	4595
3160	4596
951	4597
2424	4598
4255	4599
3843	4600
5634	4601
5809	4602
5085	4603
639	4604
5099	4605
2376	4606
2057	4607
3883	4608
4329	4609
7384	4610
2743	4611
362	4612
8174	4613
2228	4614
2314	4615
1463	4616
124	4617
5137	4618
5881	4619
3438	4620
6406	4621
1736	4622
3113	4623
699	4624
4396	4625
8433	4626
3506	4627
7696	4628
5905	4629
3392	4630
6524	4631
4463	4632
1628	4633
9094	4634
5901	4635
417	4636
6616	4637
9025	4638
8291	4639
8838	4640
1413	4641
9520	4642
7643	4643
306	4644
2818	4645
3951	4646
5759	4647
102	4648
6645	4649
2945	4650
2688	4651
1606	4652
8004	4653
3245	4654
2948	4655
5388	4656
3411	4657
8333	4658
7477	4659
7172	4660
6638	4661
247	4662
9019	4663
8555	4664
9382	4665
6927	4666
3846	4667
975	4668
5596	4669
4571	4670
7576	4671
6148	4672
2281	4673
136	4674
5441	4675
3994	4676
8719	4677
9513	4678
1684	4679
6146	4680
408	4681
925	4682
5465	4683
8674	4684
819	4685
1991	4686
6776	4687
8588	4688
2088	4689
2387	4690
3000	4691
2710	4692
1333	4693
6815	4694
8011	4695
225	4696
5038	4697
3266	4698
8149	4699
1028	4700
1849	4701
3199	4702
2199	4703
469	4704
8285	4705
7557	4706
9320	4707
8288	4708
1290	4709
9304	4710
2888	4711
2993	4712
5766	4713
2748	4714
4256	4715
5757	4716
2942	4717
3657	4718
5931	4719
8877	4720
7167	4721
3995	4722
156	4723
3647	4724
4597	4725
6847	4726
3852	4727
4659	4728
4674	4729
7296	4730
3246	4731
459	4732
1172	4733
4567	4734
1957	4735
8497	4736
2677	4737
1117	4738
3802	4739
5272	4740
1042	4741
3370	4742
5199	4743
5803	4744
8132	4745
2933	4746
7737	4747
4615	4748
337	4749
853	4750
5576	4751
3301	4752
2544	4753
166	4754
751	4755
8127	4756
61	4757
3643	4758
3670	4759
5619	4760
2668	4761
94	4762
4200	4763
2467	4764
4914	4765
1086	4766
6083	4767
206	4768
937	4769
2439	4770
9461	4771
4122	4772
6203	4773
5684	4774
7148	4775
5728	4776
9427	4777
1584	4778
5959	4779
7707	4780
7476	4781
1205	4782
8923	4783
4289	4784
2958	4785
178	4786
4915	4787
2215	4788
6920	4789
1464	4790
3439	4791
1360	4792
5952	4793
6698	4794
8960	4795
1223	4796
546	4797
7377	4798
9162	4799
687	4800
4307	4801
6311	4802
1327	4803
253	4804
9149	4805
1872	4806
4131	4807
8360	4808
5597	4809
4272	4810
1794	4811
186	4812
4301	4813
9430	4814
1742	4815
4828	4816
8772	4817
1793	4818
3375	4819
4325	4820
4720	4821
9237	4822
7964	4823
2672	4824
4158	4825
1412	4826
1275	4827
5633	4828
4907	4829
7750	4830
8711	4831
8425	4832
1446	4833
6078	4834
2611	4835
7809	4836
4832	4837
3347	4838
5664	4839
1268	4840
7663	4841
3806	4842
59	4843
8220	4844
1248	4845
1277	4846
3743	4847
967	4848
8736	4849
8007	4850
2795	4851
8415	4852
7863	4853
8972	4854
304	4855
9068	4856
641	4857
4062	4858
52	4859
6915	4860
7897	4861
7694	4862
7223	4863
8402	4864
8364	4865
1113	4866
3461	4867
7124	4868
4929	4869
3638	4870
5276	4871
8534	4872
850	4873
2277	4874
8577	4875
5588	4876
4154	4877
6649	4878
4328	4879
5559	4880
9666	4881
7458	4882
2621	4883
8694	4884
7679	4885
2648	4886
5525	4887
4963	4888
3459	4889
8199	4890
6463	4891
71	4892
4827	4893
7498	4894
5797	4895
4374	4896
9452	4897
7	4898
2695	4899
2844	4900
2364	4901
4370	4902
5554	4903
4011	4904
2435	4905
320	4906
9308	4907
3069	4908
4849	4909
4136	4910
3991	4911
6465	4912
5319	4913
8318	4914
3634	4915
7801	4916
809	4917
2556	4918
3318	4919
4899	4920
2584	4921
6526	4922
4288	4923
5833	4924
5640	4925
4331	4926
4394	4927
8933	4928
8466	4929
6528	4930
5867	4931
30	4932
1850	4933
1384	4934
1493	4935
7872	4936
5568	4937
2362	4938
3686	4939
2254	4940
8122	4941
88	4942
4308	4943
6371	4944
9331	4945
3972	4946
7343	4947
1905	4948
2529	4949
7224	4950
6854	4951
5592	4952
4383	4953
3782	4954
1267	4955
8846	4956
5440	4957
8668	4958
5943	4959
5578	4960
7324	4961
1802	4962
1586	4963
2650	4964
4415	4965
4560	4966
4077	4967
2783	4968
4889	4969
4622	4970
4500	4971
8943	4972
6652	4973
2271	4974
6943	4975
9400	4976
2904	4977
2732	4978
4488	4979
1720	4980
7365	4981
172	4982
6269	4983
9299	4984
7128	4985
9519	4986
3464	4987
1627	4988
5711	4989
3472	4990
3807	4991
5936	4992
1008	4993
1726	4994
1377	4995
1450	4996
2358	4997
5202	4998
8041	4999
7841	5000
6710	5001
7503	5002
264	5003
251	5004
3171	5005
2076	5006
8553	5007
3001	5008
1131	5009
2383	5010
4813	5011
2403	5012
6891	5013
3719	5014
985	5015
2647	5016
7826	5017
106	5018
6833	5019
6088	5020
6582	5021
766	5022
9554	5023
1336	5024
4028	5025
9478	5026
8230	5027
5214	5028
8527	5029
7789	5030
7170	5031
104	5032
6718	5033
4112	5034
8441	5035
5419	5036
6608	5037
4585	5038
2921	5039
2433	5040
3062	5041
5106	5042
1265	5043
3823	5044
2521	5045
1359	5046
556	5047
1023	5048
5349	5049
6546	5050
3681	5051
1194	5052
293	5053
6231	5054
929	5055
8310	5056
6014	5057
842	5058
334	5059
4581	5060
6940	5061
700	5062
8445	5063
674	5064
5906	5065
5398	5066
5231	5067
6706	5068
3177	5069
2949	5070
3437	5071
3706	5072
2973	5073
6074	5074
476	5075
5800	5076
9218	5077
8547	5078
8952	5079
3225	5080
6504	5081
8152	5082
4445	5083
2914	5084
3617	5085
8988	5086
4966	5087
8664	5088
6303	5089
7337	5090
4140	5091
4758	5092
170	5093
6621	5094
126	5095
6469	5096
6755	5097
5818	5098
260	5099
9029	5100
3390	5101
3015	5102
1964	5103
920	5104
2072	5105
2242	5106
2224	5107
8237	5108
8299	5109
9588	5110
3105	5111
1227	5112
3458	5113
201	5114
1303	5115
8788	5116
4318	5117
1403	5118
6906	5119
1153	5120
379	5121
5877	5122
7208	5123
3907	5124
8605	5125
9562	5126
3567	5127
430	5128
2238	5129
4184	5130
7675	5131
3591	5132
105	5133
8313	5134
9020	5135
9656	5136
6863	5137
8008	5138
7670	5139
4746	5140
7866	5141
4993	5142
1009	5143
1061	5144
9385	5145
4505	5146
979	5147
6046	5148
3891	5149
241	5150
4481	5151
9472	5152
7875	5153
2861	5154
9570	5155
286	5156
5701	5157
6150	5158
8950	5159
3297	5160
2465	5161
36	5162
5535	5163
7245	5164
5033	5165
1526	5166
6238	5167
8887	5168
5507	5169
3858	5170
3678	5171
7647	5172
4361	5173
427	5174
3789	5175
4781	5176
7005	5177
3057	5178
2516	5179
1780	5180
3481	5181
5010	5182
2511	5183
143	5184
462	5185
3509	5186
6236	5187
790	5188
357	5189
729	5190
9458	5191
9451	5192
2932	5193
5529	5194
3977	5195
8949	5196
3873	5197
1893	5198
1617	5199
7002	5200
1660	5201
5988	5202
2375	5203
2651	5204
7225	5205
8910	5206
8101	5207
8105	5208
950	5209
8323	5210
7613	5211
8901	5212
5439	5213
9640	5214
2835	5215
1963	5216
1109	5217
9682	5218
4643	5219
5855	5220
5899	5221
4057	5222
6340	5223
5114	5224
8597	5225
4654	5226
5481	5227
9604	5228
4333	5229
6453	5230
1421	5231
180	5232
8159	5233
3494	5234
1744	5235
241	5236
6646	5237
6202	5238
746	5239
3402	5240
6026	5241
1985	5242
552	5243
1478	5244
2892	5245
8882	5246
4423	5247
8568	5248
3083	5249
5086	5250
3456	5251
6578	5252
4098	5253
3582	5254
9384	5255
5472	5256
5411	5257
8656	5258
5221	5259
4904	5260
3664	5261
7251	5262
8359	5263
3187	5264
153	5265
188	5266
6108	5267
4990	5268
8107	5269
737	5270
7091	5271
1677	5272
1832	5273
802	5274
489	5275
531	5276
1640	5277
6532	5278
6141	5279
239	5280
5218	5281
3310	5282
2922	5283
4580	5284
8252	5285
2754	5286
1166	5287
2911	5288
8726	5289
1039	5290
7158	5291
9524	5292
5806	5293
6497	5294
6154	5295
2663	5296
1592	5297
2344	5298
4870	5299
3416	5300
1695	5301
7114	5302
2913	5303
4703	5304
1846	5305
340	5306
5860	5307
4726	5308
6461	5309
8677	5310
4845	5311
4765	5312
9269	5313
3935	5314
5594	5315
818	5316
1	5317
4102	5318
8581	5319
1391	5320
6581	5321
8219	5322
1976	5323
6483	5324
3052	5325
1662	5326
244	5327
150	5328
5921	5329
941	5330
7040	5331
4507	5332
2791	5333
1979	5334
4091	5335
2471	5336
3101	5337
9655	5338
5279	5339
7211	5340
4400	5341
9521	5342
3025	5343
9016	5344
5815	5345
6133	5346
2232	5347
51	5348
8048	5349
1218	5350
3740	5351
7799	5352
6930	5353
6070	5354
8975	5355
5814	5356
175	5357
8632	5358
2539	5359
5746	5360
5632	5361
621	5362
6944	5363
283	5364
7982	5365
5326	5366
1956	5367
3702	5368
4890	5369
103	5370
284	5371
3668	5372
1542	5373
63	5374
1781	5375
5581	5376
8892	5377
253	5378
3181	5379
8870	5380
7464	5381
982	5382
6132	5383
5548	5384
8610	5385
5455	5386
7261	5387
3407	5388
3917	5389
1301	5390
6653	5391
6666	5392
6655	5393
8956	5394
6923	5395
210	5396
5996	5397
3313	5398
1355	5399
2809	5400
3068	5401
7071	5402
6281	5403
8666	5404
483	5405
5670	5406
1623	5407
11	5408
8440	5409
2957	5410
3203	5411
6429	5412
3629	5413
5538	5414
1878	5415
7331	5416
6849	5417
5208	5418
8643	5419
6674	5420
3264	5421
8524	5422
2000	5423
2080	5424
219	5425
6475	5426
5224	5427
4941	5428
1732	5429
1693	5430
8228	5431
2983	5432
5222	5433
3724	5434
8238	5435
971	5436
5971	5437
147	5438
2736	5439
5587	5440
3362	5441
2712	5442
3661	5443
5165	5444
3360	5445
6771	5446
5825	5447
4034	5448
881	5449
1655	5450
6767	5451
21	5452
825	5453
1856	5454
400	5455
5924	5456
4099	5457
875	5458
1212	5459
2461	5460
2426	5461
2924	5462
3201	5463
2381	5464
4763	5465
1774	5466
7023	5467
4875	5468
3558	5469
8194	5470
1122	5471
4927	5472
1055	5473
8586	5474
9262	5475
9457	5476
133	5477
4217	5478
2782	5479
5811	5480
4554	5481
1282	5482
9294	5483
5298	5484
7121	5485
695	5486
7328	5487
1007	5488
9174	5489
9236	5490
4976	5491
8017	5492
2243	5493
6598	5494
8695	5495
4146	5496
5756	5497
2734	5498
5026	5499
5052	5500
5007	5501
7212	5502
3687	5503
8116	5504
5266	5505
9421	5506
7977	5507
649	5508
640	5509
560	5510
8210	5511
9061	5512
3513	5513
2175	5514
5946	5515
2715	5516
135	5517
7177	5518
7646	5519
9206	5520
6365	5521
5805	5522
1152	5523
493	5524
3279	5525
3918	5526
3131	5527
8216	5528
3169	5529
5412	5530
3431	5531
1538	5532
1548	5533
1456	5534
6573	5535
3496	5536
932	5537
8126	5538
6272	5539
9480	5540
4583	5541
6326	5542
555	5543
215	5544
3144	5545
6217	5546
4067	5547
8958	5548
9169	5549
6345	5550
1931	5551
4780	5552
8697	5553
299	5554
6864	5555
4943	5556
4265	5557
3604	5558
2850	5559
3111	5560
4183	5561
8576	5562
2515	5563
7037	5564
7997	5565
6909	5566
8339	5567
8176	5568
5737	5569
1288	5570
205	5571
3180	5572
2700	5573
465	5574
8641	5575
9482	5576
8284	5577
6607	5578
6953	5579
9003	5580
8175	5581
3386	5582
7667	5583
3844	5584
4694	5585
2	5586
9244	5587
2077	5588
6552	5589
7394	5590
6378	5591
278	5592
90	5593
9665	5594
1918	5595
460	5596
688	5597
8525	5598
4848	5599
8055	5600
7380	5601
8655	5602
761	5603
1484	5604
3507	5605
3041	5606
6760	5607
8324	5608
9463	5609
4678	5610
2785	5611
81	5612
8672	5613
7297	5614
832	5615
1837	5616
1954	5617
2908	5618
3423	5619
6914	5620
7916	5621
6916	5622
2839	5623
707	5624
5736	5625
3197	5626
6825	5627
323	5628
904	5629
3969	5630
4721	5631
8996	5632
1182	5633
9643	5634
2637	5635
8388	5636
6309	5637
390	5638
8490	5639
4766	5640
5520	5641
8942	5642
7154	5643
5464	5644
6129	5645
8304	5646
8244	5647
4612	5648
8401	5649
6834	5650
612	5651
9035	5652
7078	5653
1962	5654
3942	5655
1739	5656
402	5657
9228	5658
3432	5659
213	5660
2071	5661
8834	5662
6551	5663
3085	5664
8070	5665
6741	5666
2357	5667
3090	5668
877	5669
3255	5670
4902	5671
6813	5672
7276	5673
1192	5674
9429	5675
1430	5676
3081	5677
4231	5678
1531	5679
9668	5680
8549	5681
1123	5682
8944	5683
4952	5684
44	5685
3150	5686
6605	5687
8890	5688
196	5689
8422	5690
1414	5691
8748	5692
8418	5693
264	5694
7555	5695
6724	5696
4552	5697
3229	5698
1319	5699
6305	5700
515	5701
2054	5702
7500	5703
1056	5704
9110	5705
4700	5706
4501	5707
8990	5708
6564	5709
2196	5710
2930	5711
3992	5712
1552	5713
8828	5714
9104	5715
9348	5716
2756	5717
9694	5718
6951	5719
2801	5720
4649	5721
1942	5722
7589	5723
4734	5724
3831	5725
3027	5726
4294	5727
5	5728
8880	5729
7462	5730
7101	5731
6877	5732
9392	5733
439	5734
5843	5735
4759	5736
8783	5737
131	5738
2962	5739
4337	5740
1151	5741
2188	5742
1356	5743
7806	5744
8712	5745
3206	5746
1347	5747
750	5748
4247	5749
3813	5750
8325	5751
7403	5752
7704	5753
8248	5754
7846	5755
4717	5756
4918	5757
8673	5758
1372	5759
3002	5760
3239	5761
624	5762
9467	5763
420	5764
6364	5765
7287	5766
3115	5767
7457	5768
6764	5769
2563	5770
5075	5771
205	5772
1057	5773
7359	5774
2085	5775
8129	5776
2889	5777
1924	5778
5238	5779
7137	5780
3003	5781
8340	5782
1041	5783
3943	5784
657	5785
5602	5786
6695	5787
2920	5788
2267	5789
1717	5790
2775	5791
2151	5792
8813	5793
1758	5794
8617	5795
1070	5796
1324	5797
6363	5798
6738	5799
6223	5800
435	5801
9227	5802
1054	5803
144	5804
9325	5805
9072	5806
4893	5807
4868	5808
6832	5809
2697	5810
9596	5811
5116	5812
5184	5813
6768	5814
5883	5815
5281	5816
9230	5817
3904	5818
1800	5819
1425	5820
6941	5821
6990	5822
2438	5823
4920	5824
2988	5825
217	5826
5781	5827
3417	5828
9632	5829
2859	5830
2065	5831
4811	5832
8564	5833
5780	5834
4368	5835
7719	5836
7773	5837
795	5838
4639	5839
762	5840
5176	5841
9193	5842
1353	5843
7962	5844
8083	5845
5251	5846
689	5847
8973	5848
2703	5849
9383	5850
7937	5851
6396	5852
6810	5853
4090	5854
6176	5855
7593	5856
5373	5857
6657	5858
7493	5859
6172	5860
5515	5861
5362	5862
6405	5863
5667	5864
5296	5865
1914	5866
8914	5867
9583	5868
2256	5869
3291	5870
1146	5871
9147	5872
3987	5873
3593	5874
1944	5875
9340	5876
5613	5877
9337	5878
5459	5879
9213	5880
7595	5881
268	5882
82	5883
8837	5884
272	5885
8133	5886
3616	5887
2952	5888
8715	5889
3346	5890
8332	5891
671	5892
3983	5893
9407	5894
8589	5895
1195	5896
1229	5897
948	5898
6862	5899
2099	5900
9217	5901
1993	5902
2894	5903
5028	5904
9277	5905
5585	5906
1701	5907
5612	5908
74	5909
5885	5910
6270	5911
8269	5912
6481	5913
662	5914
1664	5915
1821	5916
7744	5917
1564	5918
9264	5919
4208	5920
1161	5921
1330	5922
3639	5923
9108	5924
8654	5925
6403	5926
7691	5927
5787	5928
4864	5929
7857	5930
6789	5931
9329	5932
2260	5933
3862	5934
4854	5935
3463	5936
605	5937
7122	5938
395	5939
5539	5940
6024	5941
1519	5942
479	5943
247	5944
2393	5945
7907	5946
1968	5947
7974	5948
543	5949
3232	5950
162	5951
3379	5952
4010	5953
5017	5954
9	5955
8297	5956
4782	5957
8899	5958
4089	5959
1286	5960
8657	5961
1429	5962
2419	5963
438	5964
4412	5965
4404	5966
4999	5967
5724	5968
1112	5969
3262	5970
4601	5971
5205	5972
8054	5973
3738	5974
645	5975
7730	5976
8500	5977
1401	5978
8540	5979
3280	5980
3107	5981
4084	5982
9582	5983
7414	5984
3911	5985
5661	5986
4846	5987
3401	5988
4814	5989
8906	5990
5997	5991
4691	5992
5374	5993
4009	5994
8638	5995
5949	5996
4551	5997
5146	5998
154	5999
5656	6000
4049	6001
3967	6002
2853	6003
7617	6004
767	6005
3554	6006
7680	6007
681	6008
2083	6009
8303	6010
4347	6011
3374	6012
3226	6013
2660	6014
5395	6015
9568	6016
2200	6017
9059	6018
1647	6019
2019	6020
1018	6021
452	6022
5703	6023
2694	6024
2575	6025
151	6026
9587	6027
6812	6028
2902	6029
2262	6030
7954	6031
9465	6032
48	6033
243	6034
4924	6035
4047	6036
4874	6037
6809	6038
3893	6039
6423	6040
7161	6041
9605	6042
6016	6043
8223	6044
597	6045
6187	6046
5626	6047
2872	6048
4260	6049
2425	6050
581	6051
9556	6052
5078	6053
5512	6054
550	6055
9293	6056
6457	6057
4608	6058
7944	6059
617	6060
7903	6061
8778	6062
9504	6063
5207	6064
3809	6065
6219	6066
9396	6067
1010	6068
6095	6069
233	6070
6758	6071
4421	6072
3059	6073
6027	6074
4807	6075
2481	6076
1504	6077
4111	6078
6859	6079
3419	6080
8488	6081
2709	6082
6696	6083
593	6084
9202	6085
3599	6086
6656	6087
9645	6088
9667	6089
6539	6090
4609	6091
3501	6092
1138	6093
7345	6094
6818	6095
966	6096
6028	6097
8602	6098
8076	6099
7315	6100
2231	6101
5200	6102
3045	6103
7803	6104
7811	6105
5377	6106
6557	6107
9428	6108
22	6109
4558	6110
4673	6111
2415	6112
1003	6113
1059	6114
3628	6115
5421	6116
256	6117
1859	6118
7861	6119
1486	6120
1284	6121
8396	6122
1390	6123
214	6124
9549	6125
6068	6126
7672	6127
8636	6128
368	6129
1278	6130
7845	6131
6575	6132
4489	6133
5220	6134
9438	6135
2321	6136
3768	6137
117	6138
144	6139
788	6140
1511	6141
9063	6142
9387	6143
1274	6144
2443	6145
9606	6146
9112	6147
8721	6148
2106	6149
4138	6150
140	6151
1761	6152
9497	6153
9502	6154
2474	6155
9153	6156
8559	6157
7216	6158
9647	6159
7867	6160
3976	6161
8301	6162
2292	6163
8412	6164
19	6165
3747	6166
1127	6167
5872	6168
8563	6169
8700	6170
7795	6171
8224	6172
112	6173
8800	6174
8372	6175
594	6176
2193	6177
1080	6178
3561	6179
7390	6180
726	6181
7610	6182
4439	6183
1594	6184
5483	6185
3990	6186
8389	6187
5840	6188
4414	6189
544	6190
3190	6191
5287	6192
6660	6193
3106	6194
4241	6195
9258	6196
5796	6197
2180	6198
3278	6199
2591	6200
3835	6201
265	6202
9390	6203
5738	6204
3088	6205
8350	6206
3164	6207
2613	6208
7840	6209
5730	6210
6989	6211
8929	6212
6044	6213
1810	6214
1373	6215
42	6216
6715	6217
7541	6218
1945	6219
3742	6220
8018	6221
6191	6222
3271	6223
3982	6224
6535	6225
1613	6226
436	6227
8475	6228
2315	6229
182	6230
2870	6231
116	6232
517	6233
4508	6234
1822	6235
148	6236
45	6237
7578	6238
2067	6239
1228	6240
9278	6241
3117	6242
1508	6243
9224	6244
6225	6245
2797	6246
5226	6247
886	6248
326	6249
4343	6250
5700	6251
2644	6252
5890	6253
8572	6254
167	6255
7627	6256
193	6257
8013	6258
7451	6259
8784	6260
4395	6261
318	6262
8424	6263
1625	6264
1724	6265
3825	6266
4803	6267
5366	6268
9267	6269
6965	6270
7612	6271
9118	6272
3345	6273
565	6274
2671	6275
5289	6276
7779	6277
6515	6278
3827	6279
3242	6280
6881	6281
1065	6282
6997	6283
603	6284
7485	6285
7379	6286
3946	6287
1540	6288
7804	6289
4458	6290
2255	6291
1574	6292
360	6293
626	6294
8939	6295
6586	6296
3973	6297
6628	6298
1106	6299
2097	6300
797	6301
444	6302
3978	6303
4934	6304
3765	6305
7280	6306
2055	6307
496	6308
8361	6309
5096	6310
9087	6311
9345	6312
7741	6313
62	6314
9500	6315
3256	6316
108	6317
7437	6318
498	6319
4444	6320
5322	6321
6873	6322
8151	6323
803	6324
2056	6325
2129	6326
9417	6327
267	6328
8612	6329
3213	6330
4841	6331
1824	6332
6350	6333
7273	6334
5189	6335
8109	6336
6060	6337
406	6338
9027	6339
5981	6340
7443	6341
3079	6342
665	6343
2023	6344
5470	6345
7669	6346
6793	6347
3949	6348
8522	6349
3560	6350
8104	6351
7368	6352
4168	6353
7998	6354
7239	6355
4413	6356
7606	6357
6170	6358
5927	6359
9078	6360
4064	6361
2102	6362
492	6363
6032	6364
4466	6365
1269	6366
7761	6367
835	6368
883	6369
2082	6370
8429	6371
2588	6372
8526	6373
4685	6374
2027	6375
8686	6376
2530	6377
1777	6378
6600	6379
2007	6380
214	6381
1253	6382
1465	6383
5668	6384
9287	6385
8145	6386
2469	6387
2565	6388
8328	6389
7087	6390
3815	6391
3257	6392
518	6393
7067	6394
3799	6395
217	6396
8427	6397
5235	6398
7736	6399
9080	6400
7690	6401
973	6402
8373	6403
7024	6404
5244	6405
110	6406
4309	6407
6273	6408
505	6409
8957	6410
8621	6411
1405	6412
9216	6413
2296	6414
2029	6415
7895	6416
1898	6417
7504	6418
9284	6419
1313	6420
4186	6421
9015	6422
8039	6423
440	6424
4219	6425
3704	6426
4786	6427
8740	6428
1516	6429
57	6430
7246	6431
2632	6432
3886	6433
2664	6434
3882	6435
7395	6436
3861	6437
8878	6438
3741	6439
3473	6440
5001	6441
1844	6442
4171	6443
1164	6444
6556	6445
3161	6446
127	6447
8863	6448
3694	6449
3612	6450
6745	6451
7664	6452
9184	6453
4274	6454
9641	6455
1441	6456
5172	6457
8012	6458
8180	6459
2807	6460
3349	6461
3118	6462
6072	6463
1682	6464
2066	6465
1828	6466
756	6467
2912	6468
7093	6469
194	6470
6884	6471
5999	6472
6594	6473
3674	6474
9314	6475
6509	6476
9657	6477
7509	6478
5986	6479
2505	6480
1435	6481
2595	6482
8353	6483
1280	6484
143	6485
5935	6486
1864	6487
216	6488
7472	6489
2615	6490
174	6491
7514	6492
5994	6493
1915	6494
5589	6495
7300	6496
4605	6497
2395	6498
4175	6499
5297	6500
7015	6501
618	6502
8971	6503
4105	6504
7603	6505
709	6506
4475	6507
6169	6508
7511	6509
3731	6510
386	6511
1737	6512
3653	6513
288	6514
1399	6515
94	6516
1416	6517
6425	6518
2585	6519
1894	6520
9305	6521
5748	6522
7738	6523
5225	6524
1188	6525
5463	6526
6120	6527
6761	6528
7499	6529
3387	6530
5015	6531
4222	6532
7405	6533
5690	6534
9036	6535
8779	6536
8022	6537
7307	6538
9152	6539
1669	6540
7649	6541
839	6542
4527	6543
1981	6544
5442	6545
3359	6546
6627	6547
554	6548
2831	6549
2995	6550
1014	6551
1479	6552
5064	6553
2770	6554
6045	6555
333	6556
6924	6557
8926	6558
8560	6559
9598	6560
4249	6561
1167	6562
7285	6563
6047	6564
5364	6565
3622	6566
1588	6567
1649	6568
3954	6569
1485	6570
1694	6571
8349	6572
6278	6573
7629	6574
6033	6575
5147	6576
1240	6577
8955	6578
6644	6579
9515	6580
8539	6581
8530	6582
9363	6583
1729	6584
5768	6585
5211	6586
413	6587
548	6588
29	6589
9685	6590
1183	6591
6258	6592
4178	6593
3703	6594
2998	6595
7168	6596
6	6597
6562	6598
8153	6599
8031	6600
9259	6601
2033	6602
2282	6603
3879	6604
6762	6605
4332	6606
7890	6607
8179	6608
8283	6609
2192	6610
1865	6611
6040	6612
5492	6613
4462	6614
1663	6615
1289	6616
692	6617
5046	6618
981	6619
5717	6620
8691	6621
8600	6622
3519	6623
5521	6624
8913	6625
330	6626
1298	6627
9670	6628
1510	6629
8253	6630
9041	6631
4150	6632
4492	6633
7353	6634
1941	6635
3840	6636
4817	6637
87	6638
5142	6639
2749	6640
5533	6641
4795	6642
3723	6643
9659	6644
2762	6645
4371	6646
3633	6647
6310	6648
4411	6649
1073	6650
3520	6651
4424	6652
7584	6653
3332	6654
7202	6655
3031	6656
6987	6657
6820	6658
41	6659
8295	6660
5206	6661
8764	6662
4176	6663
7934	6664
8262	6665
9362	6666
6580	6667
8094	6668
7411	6669
1797	6670
4798	6671
2322	6672
6012	6673
8554	6674
155	6675
2408	6676
8776	6677
8503	6678
147	6679
9102	6680
5124	6681
2462	6682
6086	6683
2581	6684
9116	6685
3284	6686
2794	6687
4635	6688
8824	6689
7303	6690
8681	6691
5816	6692
1657	6693
8626	6694
7143	6695
1792	6696
99	6697
7798	6698
2340	6699
882	6700
7979	6701
346	6702
1583	6703
9133	6704
7967	6705
4616	6706
4495	6707
6852	6708
3801	6709
48	6710
4692	6711
4722	6712
7231	6713
9315	6714
613	6715
2423	6716
5715	6717
4707	6718
7456	6719
3884	6720
6889	6721
4947	6722
5914	6723
5423	6724
8579	6725
4582	6726
244	6727
3366	6728
902	6729
1380	6730
6661	6731
1306	6732
9662	6733
8408	6734
7351	6735
3453	6736
5938	6737
2961	6738
7116	6739
7203	6740
199	6741
6973	6742
3451	6743
3947	6744
3631	6745
1778	6746
6491	6747
510	6748
6456	6749
5820	6750
9142	6751
821	6752
5580	6753
6381	6754
9460	6755
8351	6756
6411	6757
6494	6758
41	6759
6595	6760
4342	6761
3335	6762
7060	6763
7859	6764
7993	6765
8147	6766
4911	6767
6485	6768
519	6769
359	6770
3095	6771
289	6772
2523	6773
5273	6774
6663	6775
8835	6776
9093	6777
7460	6778
2148	6779
1877	6780
5249	6781
6545	6782
9355	6783
7797	6784
4898	6785
6437	6786
6079	6787
1433	6788
5544	6789
3577	6790
127	6791
6451	6792
1346	6793
4599	6794
2759	6795
6976	6796
199	6797
8245	6798
3940	6799
3047	6800
3804	6801
4618	6802
1866	6803
474	6804
2486	6805
6	6806
8374	6807
668	6808
1980	6809
224	6810
6245	6811
1806	6812
8168	6813
7935	6814
6253	6815
3188	6816
6703	6817
1251	6818
2078	6819
7735	6820
7764	6821
9468	6822
7615	6823
7636	6824
2586	6825
119	6826
6898	6827
2985	6828
2070	6829
8139	6830
1863	6831
186	6832
6275	6833
8203	6834
4457	6835
9414	6836
7264	6837
3054	6838
7455	6839
5765	6840
2487	6841
270	6842
1577	6843
3655	6844
7579	6845
3536	6846
2596	6847
6875	6848
4946	6849
378	6850
9208	6851
5960	6852
3493	6853
3535	6854
7751	6855
6505	6856
1126	6857
2252	6858
15	6859
5191	6860
3783	6861
3511	6862
3330	6863
2950	6864
9292	6865
897	6866
5904	6867
2407	6868
9124	6869
335	6870
4393	6871
2687	6872
3198	6873
269	6874
3834	6875
6759	6876
6848	6877
5945	6878
2884	6879
5250	6880
2133	6881
8561	6882
7926	6883
1496	6884
5591	6885
3961	6886
4865	6887
1129	6888
4336	6889
1818	6890
6292	6891
8590	6892
6192	6893
9378	6894
3486	6895
3377	6896
6982	6897
5644	6898
9548	6899
5449	6900
4363	6901
2970	6902
8808	6903
9609	6904
78	6905
4001	6906
1506	6907
4201	6908
7716	6909
5044	6910
9098	6911
352	6912
4815	6913
4362	6914
2205	6915
3713	6916
4710	6917
2441	6918
6053	6919
7219	6920
8746	6921
5678	6922
3611	6923
8342	6924
1459	6925
9175	6926
2181	6927
6994	6928
7775	6929
8338	6930
4372	6931
5252	6932
3572	6933
7641	6934
6105	6935
6161	6936
4214	6937
4784	6938
1206	6939
8734	6940
2811	6941
586	6942
7941	6943
3013	6944
1458	6945
2774	6946
5196	6947
4696	6948
7844	6949
8124	6950
3488	6951
2158	6952
6651	6953
5426	6954
4881	6955
9132	6956
7823	6957
551	6958
8093	6959
1154	6960
2331	6961
2369	6962
8730	6963
8336	6964
3660	6965
3141	6966
5422	6967
7193	6968
2496	6969
5802	6970
6604	6971
3165	6972
8492	6973
2555	6974
6036	6975
145	6976
2318	6977
3094	6978
431	6979
3923	6980
7242	6981
6746	6982
4032	6983
4892	6984
1015	6985
3	6986
6871	6987
5458	6988
12	6989
3865	6990
9135	6991
4341	6992
6228	6993
3005	6994
8407	6995
7132	6996
2034	6997
3208	6998
3700	6999
3485	7000
9338	7001
461	7002
5824	7003
229	7004
2195	7005
8358	7006
2264	7007
8948	7008
2713	7009
3126	7010
1404	7011
1442	7012
8753	7013
8156	7014
2937	7015
5676	7016
40	7017
651	7018
1553	7019
8661	7020
173	7021
5254	7022
135	7023
3099	7024
8177	7025
5865	7026
2026	7027
3146	7028
7039	7029
3889	7030
3237	7031
6640	7032
2501	7033
2316	7034
7726	7035
3563	7036
112	7037
4731	7038
562	7039
8627	7040
5415	7041
433	7042
5642	7043
2354	7044
4916	7045
5253	7046
7727	7047
9195	7048
9522	7049
2580	7050
4182	7051
9164	7052
3258	7053
8831	7054
2900	7055
7191	7056
6235	7057
5129	7058
480	7059
3521	7060
1213	7061
3487	7062
6325	7063
5891	7064
9330	7065
4054	7066
280	7067
384	7068
1587	7069
8474	7070
1411	7071
3195	7072
5337	7073
3779	7074
765	7075
2960	7076
4482	7077
9377	7078
7252	7079
8991	7080
8954	7081
6038	7082
2603	7083
1175	7084
7214	7085
4667	7086
1176	7087
1525	7088
5726	7089
3732	7090
1075	7091
4880	7092
6013	7093
6445	7094
14	7095
2875	7096
6327	7097
7338	7098
5989	7099
7940	7100
6390	7101
9334	7102
5518	7103
5616	7104
2564	7105
1676	7106
2046	7107
8394	7108
3543	7109
3194	7110
7607	7111
2526	7112
301	7113
3574	7114
7685	7115
2685	7116
8611	7117
5376	7118
257	7119
3755	7120
1528	7121
202	7122
9346	7123
1829	7124
2990	7125
2404	7126
3623	7127
5369	7128
952	7129
5363	7130
7318	7131
7262	7132
3365	7133
9444	7134
4539	7135
7434	7136
7619	7137
2616	7138
4871	7139
1079	7140
9507	7141
9448	7142
4684	7143
26	7144
4305	7145
2548	7146
8472	7147
6037	7148
6087	7149
2265	7150
163	7151
8395	7152
4906	7153
9536	7154
7290	7155
281	7156
9261	7157
251	7158
8268	7159
1896	7160
7336	7161
8	7162
2115	7163
7959	7164
4984	7165
8186	7166
2161	7167
1304	7168
5497	7169
2014	7170
8732	7171
3952	7172
4556	7173
1612	7174
8079	7175
9618	7176
3607	7177
8195	7178
7516	7179
2152	7180
185	7181
5774	7182
1051	7183
871	7184
5671	7185
8552	7186
2389	7187
5696	7188
2838	7189
2164	7190
2825	7191
6479	7192
4319	7193
8435	7194
2420	7195
8460	7196
6550	7197
7014	7198
3641	7199
5248	7200
7936	7201
1064	7202
8832	7203
6870	7204
77	7205
3573	7206
6553	7207
8931	7208
7213	7209
1135	7210
8762	7211
9336	7212
5127	7213
54	7214
8995	7215
9485	7216
9569	7217
6572	7218
4689	7219
3149	7220
96	7221
2579	7222
2571	7223
602	7224
4760	7225
1140	7226
5255	7227
1603	7228
1012	7229
2480	7230
6886	7231
6606	7232
7417	7233
421	7234
4747	7235
8	7236
5714	7237
1338	7238
7210	7239
7692	7240
4264	7241
7090	7242
1816	7243
2594	7244
429	7245
9051	7246
4977	7247
5628	7248
3512	7249
2536	7250
601	7251
2272	7252
5841	7253
1913	7254
4627	7255
9506	7256
6395	7257
7650	7258
7723	7259
8278	7260
4088	7261
3908	7262
8941	7263
2953	7264
9692	7265
998	7266
2492	7267
5416	7268
9037	7269
1386	7270
19	7271
8682	7272
148	7273
3551	7274
1160	7275
6323	7276
4797	7277
4147	7278
5054	7279
619	7280
6243	7281
169	7282
3300	7283
7608	7284
5223	7285
9197	7286
7043	7287
5334	7288
3249	7289
6291	7290
7733	7291
8651	7292
5057	7293
1521	7294
6850	7295
7653	7296
1779	7297
6918	7298
5438	7299
8551	7300
934	7301
3244	7302
7985	7303
540	7304
5313	7305
1203	7306
5307	7307
7774	7308
6936	7309
2380	7310
6208	7311
4607	7312
4246	7313
4682	7314
7638	7315
3948	7316
3730	7317
6887	7318
566	7319
401	7320
7817	7321
2329	7322
7635	7323
1000	7324
1560	7325
8294	7326
2965	7327
4975	7328
3837	7329
1395	7330
37	7331
4663	7332
7917	7333
1309	7334
7439	7335
5627	7336
4300	7337
942	7338
8717	7339
5424	7340
9639	7341
1725	7342
8375	7343
800	7344
4590	7345
6623	7346
4210	7347
7563	7348
2214	7349
4579	7350
1193	7351
2319	7352
2343	7353
8992	7354
5895	7355
132	7356
2141	7357
4058	7358
4157	7359
8979	7360
4725	7361
589	7362
7416	7363
5586	7364
7305	7365
8705	7366
12	7367
50	7368
1040	7369
7770	7370
787	7371
5094	7372
2846	7373
6992	7374
8663	7375
5526	7376
2478	7377
2708	7378
728	7379
5148	7380
5467	7381
9043	7382
9254	7383
6928	7384
5605	7385
4793	7386
928	7387
3460	7388
6568	7389
8290	7390
2778	7391
7011	7392
4610	7393
324	7394
9584	7395
3714	7396
7258	7397
5452	7398
6511	7399
344	7400
8477	7401
8986	7402
9580	7403
6727	7404
252	7405
3924	7406
2178	7407
8591	7408
3800	7409
3906	7410
793	7411
296	7412
3962	7413
14	7414
3462	7415
1523	7416
622	7417
3785	7418
2717	7419
313	7420
114	7421
5185	7422
7550	7423
3191	7424
5269	7425
9200	7426
1125	7427
9156	7428
4409	7429
3323	7430
5144	7431
2830	7432
4013	7433
8088	7434
3470	7435
9074	7436
8919	7437
3322	7438
4926	7439
2048	7440
138	7441
3769	7442
3602	7443
6503	7444
7945	7445
8766	7446
1477	7447
2793	7448
734	7449
3679	7450
844	7451
735	7452
3283	7453
4278	7454
7066	7455
7361	7456
123	7457
1379	7458
3676	7459
8763	7460
8225	7461
2531	7462
918	7463
5109	7464
8432	7465
4165	7466
3077	7467
7230	7468
1904	7469
1884	7470
9612	7471
4043	7472
8532	7473
1490	7474
9528	7475
9577	7476
1522	7477
4570	7478
8946	7479
1559	7480
7763	7481
4496	7482
1156	7483
7117	7484
5428	7485
4983	7486
2964	7487
8592	7488
5489	7489
6057	7490
3219	7491
1110	7492
1752	7493
1648	7494
307	7495
816	7496
8327	7497
8280	7498
6280	7499
4948	7500
4541	7501
269	7502
5318	7503
3293	7504
2068	7505
5884	7506
9658	7507
5844	7508
8550	7509
1575	7510
4863	7511
2207	7512
6958	7513
7821	7514
6227	7515
7865	7516
5729	7517
9642	7518
56	7519
8883	7520
6376	7521
6260	7522
4776	7523
1258	7524
8728	7525
2863	7526
7957	7527
336	7528
8518	7529
3222	7530
2177	7531
1590	7532
455	7533
8192	7534
7265	7535
1974	7536
1876	7537
2781	7538
1199	7539
255	7540
4240	7541
7388	7542
5896	7543
8966	7544
894	7545
8259	7546
8078	7547
3378	7548
4796	7549
4632	7550
283	7551
8090	7552
4524	7553
5149	7554
8043	7555
6263	7556
3525	7557
8567	7558
4936	7559
245	7560
394	7561
4378	7562
3289	7563
181	7564
2417	7565
8569	7566
542	7567
9368	7568
3570	7569
382	7570
558	7571
2689	7572
9571	7573
7335	7574
1632	7575
3087	7576
1907	7577
1143	7578
2522	7579
3644	7580
5070	7581
6185	7582
1784	7583
3286	7584
675	7585
1341	7586
6602	7587
8185	7588
37	7589
3753	7590
5987	7591
285	7592
5637	7593
192	7594
7745	7595
9099	7596
8218	7597
8172	7598
6892	7599
7051	7600
7332	7601
2219	7602
1690	7603
6220	7604
8997	7605
6064	7606
4033	7607
191	7608
9527	7609
8861	7610
2398	7611
8446	7612
224	7613
6588	7614
7022	7615
896	7616
2100	7617
3810	7618
559	7619
8138	7620
8362	7621
4677	7622
9483	7623
203	7624
8128	7625
1351	7626
3518	7627
3677	7628
1746	7629
6139	7630
3261	7631
4861	7632
4774	7633
3919	7634
8064	7635
7718	7636
1400	7637
3415	7638
231	7639
2661	7640
5163	7641
2698	7642
2547	7643
3758	7644
638	7645
4469	7646
69	7647
4810	7648
6980	7649
3764	7650
8	7651
5965	7652
2735	7653
428	7654
5675	7655
7731	7656
8201	7657
3601	7658
7882	7659
9185	7660
8173	7661
8249	7662
23	7663
5103	7664
6015	7665
2841	7666
9560	7667
8148	7668
3285	7669
161	7670
3409	7671
3627	7672
6639	7673
7254	7674
2212	7675
1809	7676
7537	7677
3100	7678
739	7679
5216	7680
4804	7681
1834	7682
852	7683
5282	7684
3767	7685
34	7686
9537	7687
8511	7688
5477	7689
4232	7690
351	7691
5261	7692
2450	7693
491	7694
2683	7695
7131	7696
8587	7697
3354	7698
4923	7699
5685	7700
425	7701
8900	7702
667	7703
7360	7704
16	7705
3223	7706
4891	7707
7102	7708
7034	7709
7981	7710
3665	7711
228	7712
3547	7713
4960	7714
4925	7715
411	7716
6500	7717
1136	7718
5688	7719
5775	7720
4510	7721
6836	7722
8302	7723
4561	7724
4287	7725
1749	7726
9575	7727
5888	7728
4391	7729
6538	7730
4525	7731
6426	7732
5658	7733
513	7734
7828	7735
936	7736
2722	7737
8649	7738
3890	7739
8263	7740
679	7741
1502	7742
9128	7743
7501	7744
983	7745
4097	7746
2363	7747
6700	7748
6831	7749
3618	7750
7622	7751
2610	7752
9096	7753
7205	7754
8357	7755
5308	7756
7281	7757
4592	7758
7061	7759
5649	7760
1890	7761
4611	7762
8398	7763
5574	7764
9479	7765
627	7766
134	7767
7956	7768
6358	7769
4035	7770
5195	7771
2490	7772
6186	7773
637	7774
3108	7775
8903	7776
1699	7777
6822	7778
7474	7779
1700	7780
9311	7781
5630	7782
9103	7783
5013	7784
7599	7785
9220	7786
6252	7787
5339	7788
1880	7789
725	7790
3548	7791
1238	7792
1220	7793
8215	7794
2421	7795
3897	7796
4358	7797
4238	7798
5197	7799
3445	7800
7597	7801
4480	7802
1027	7803
838	7804
3125	7805
2448	7806
8265	7807
3175	7808
7058	7809
3038	7810
5194	7811
7548	7812
4132	7813
7083	7814
512	7815
5405	7816
6488	7817
5356	7818
3008	7819
7263	7820
3915	7821
418	7822
8437	7823
9484	7824
5819	7825
4128	7826
3944	7827
6041	7828
1517	7829
6332	7830
55	7831
6244	7832
4980	7833
1053	7834
4536	7835
4520	7836
880	7837
93	7838
84	7839
3032	7840
7876	7841
5192	7842
1374	7843
9415	7844
4096	7845
5786	7846
8286	7847
572	7848
991	7849
7596	7850
1534	7851
1169	7852
472	7853
1410	7854
1733	7855
5055	7856
5019	7857
6166	7858
5090	7859
8866	7860
6618	7861
5186	7862
2013	7863
4937	7864
8003	7865
3795	7866
2918	7867
7027	7868
7080	7869
4586	7870
1495	7871
3968	7872
535	7873
388	7874
2185	7875
66	7876
7673	7877
7446	7878
4528	7879
2847	7880
3945	7881
8024	7882
3829	7883
9353	7884
8801	7885
5788	7886
7207	7887
8428	7888
1558	7889
8575	7890
4149	7891
4103	7892
3875	7893
3537	7894
4086	7895
4207	7896
8125	7897
202	7898
1436	7899
3901	7900
4291	7901
9364	7902
6249	7903
1141	7904
2110	7905
6156	7906
8506	7907
2541	7908
2288	7909
3597	7910
5063	7911
6391	7912
7839	7913
8084	7914
6109	7915
8902	7916
7703	7917
3578	7918
3185	7919
2366	7920
8082	7921
8005	7922
7518	7923
4434	7924
8633	7925
9380	7926
4748	7927
4576	7928
1311	7929
7953	7930
833	7931
6676	7932
2059	7933
8211	7934
4106	7935
113	7936
3892	7937
6583	7938
4050	7939
7111	7940
3998	7941
4283	7942
8848	7943
3290	7944
8414	7945
3272	7946
3209	7947
8092	7948
3609	7949
1748	7950
1046	7951
7583	7952
8459	7953
1168	7954
9339	7955
9411	7956
84	7957
5263	7958
2614	7959
4877	7960
1492	7961
6054	7962
226	7963
5201	7964
8637	7965
8622	7966
3579	7967
252	7968
3116	7969
9241	7970
4425	7971
3142	7972
9343	7973
7068	7974
3517	7975
1972	7976
7722	7977
7107	7978
2131	7979
3238	7980
7753	7981
4628	7982
8608	7983
3414	7984
4884	7985
5614	7986
1078	7987
8692	7988
4851	7989
2730	7990
6778	7991
6063	7992
5570	7993
7951	7994
4164	7995
8233	7996
7072	7997
6387	7998
8613	7999
2723	8000
529	8001
8380	8002
9111	8003
5857	8004
2275	8005
226	8006
5978	8007
8341	8008
6772	8009
7921	8010
9024	8011
6709	8012
9018	8013
6901	8014
7796	8015
697	8016
3864	8017
5108	8018
2788	8019
8961	8020
3824	8021
8029	8022
1266	8023
6679	8024
230	8025
5704	8026
1060	8027
8523	8028
168	8029
7693	8030
8343	8031
3489	8032
49	8033
3163	8034
1772	8035
4634	8036
6348	8037
1607	8038
7624	8039
6744	8040
5995	8041
3988	8042
7419	8043
859	8044
1225	8045
1642	8046
9272	8047
2666	8048
3044	8049
1033	8050
3480	8051
2075	8052
9679	8053
3230	8054
9303	8055
192	8056
1173	8057
7013	8058
2851	8059
5734	8060
8833	8061
2234	8062
8805	8063
7232	8064
2583	8065
7657	8066
4549	8067
1969	8068
6004	8069
1643	8070
6842	8071
276	8072
8678	8073
7792	8074
8836	8075
5351	8076
265	8077
1903	8078
8815	8079
6205	8080
3576	8081
812	8082
6196	8083
3985	8084
6122	8085
7333	8086
4257	8087
8925	8088
8749	8089
4787	8090
3776	8091
9567	8092
2069	8093
7717	8094
9678	8095
8781	8096
711	8097
1470	8098
9593	8099
5030	8100
970	8101
2987	8102
8618	8103
1181	8104
8020	8105
7398	8106
7992	8107
25	8108
6142	8109
184	8110
794	8111
5563	8112
4757	8113
9629	8114
8114	8115
7350	8116
325	8117
1354	8118
7194	8119
5958	8120
8786	8121
7513	8122
7644	8123
5643	8124
2036	8125
2899	8126
8470	8127
7853	8128
3	8129
503	8130
321	8131
13	8132
6501	8133
2751	8134
4894	8135
9198	8136
8615	8137
8140	8138
4196	8139
2386	8140
4823	8141
5804	8142
4025	8143
2150	8144
5324	8145
4729	8146
146	8147
73	8148
8381	8149
2261	8150
2711	8151
9555	8152
15	8153
4101	8154
4883	8155
1624	8156
7454	8157
1654	8158
9079	8159
701	8160
3898	8161
6912	8162
7399	8163
5638	8164
2336	8165
5808	8166
9031	8167
8480	8168
1105	8169
8002	8170
6329	8171
9	8172
5265	8173
2917	8174
4981	8175
6401	8176
3298	8177
183	8178
8645	8179
1031	8180
4418	8181
5695	8182
978	8183
7178	8184
3492	8185
1184	8186
4027	8187
5727	8188
9000	8189
6974	8190
7237	8191
6289	8192
38	8193
171	8194
7334	8195
609	8196
4812	8197
6723	8198
7206	8199
2018	8200
8769	8201
7465	8202
628	8203
6620	8204
1629	8205
5598	8206
3247	8207
1619	8208
7758	8209
2702	8210
1906	8211
4121	8212
6118	8213
8042	8214
6691	8215
8596	8216
2337	8217
5547	8218
3303	8219
7385	8220
7447	8221
6668	8222
4913	8223
7157	8224
5892	8225
7429	8226
7860	8227
6443	8228
7983	8229
3339	8230
3058	8231
8141	8232
6171	8233
28	8234
4467	8235
4887	8236
557	8237
3455	8238
2886	8239
7562	8240
2897	8241
31	8242
8738	8243
3757	8244
3215	8245
4195	8246
7180	8247
374	8248
4447	8249
1431	8250
302	8251
3202	8252
9381	8253
8136	8254
8040	8255
9581	8256
7896	8257
7367	8258
3796	8259
4547	8260
8392	8261
249	8262
4968	8263
6106	8264
7283	8265
2507	8266
3534	8267
3693	8268
8170	8269
5907	8270
976	8271
2605	8272
6835	8273
616	8274
3761	8275
1300	8276
3304	8277
987	8278
4153	8279
3476	8280
5051	8281
6398	8282
1697	8283
10	8284
5817	8285
1285	8286
6421	8287
4679	8288
810	8289
2721	8290
9307	8291
873	8292
5018	8293
9393	8294
5060	8295
6207	8296
6092	8297
128	8298
2931	8299
9252	8300
2716	8301
8888	8302
6031	8303
6314	8304
8491	8305
3022	8306
3426	8307
2768	8308
8171	8309
99	8310
1305	8311
6404	8312
5919	8313
1364	8314
4680	8315
4023	8316
1460	8317
1157	8318
8680	8319
133	8320
9030	8321
4636	8322
8026	8323
5355	8324
9225	8325
2325	8326
1179	8327
1321	8328
4878	8329
3260	8330
6630	8331
8462	8332
6998	8333
2345	8334
3903	8335
5889	8336
5625	8337
3211	8338
7007	8339
5387	8340
6075	8341
828	8342
5673	8343
35	8344
35	8345
5278	8346
6357	8347
1358	8348
4777	8349
5133	8350
9688	8351
2388	8352
5303	8353
4969	8354
4753	8355
5636	8356
1104	8357
5066	8358
3302	8359
6521	8360
6984	8361
541	8362
2733	8363
7442	8364
74	8365
6788	8366
3542	8367
7375	8368
3295	8369
1217	8370
7047	8371
2532	8372
677	8373
8246	8374
7849	8375
4917	8376
7847	8377
9541	8378
7805	8379
6587	8380
514	8381
916	8382
3399	8383
3750	8384
5141	8385
5496	8386
2134	8387
1513	8388
5456	8389
6449	8390
1032	8391
2032	8392
4498	8393
183	8394
2326	8395
3651	8396
4189	8397
3874	8398
8025	8399
137	8400
4896	8401
7674	8402
8261	8403
396	8404
159	8405
8604	8406
9291	8407
2867	8408
8454	8409
4756	8410
3927	8411
4280	8412
4022	8413
6905	8414
1084	8415
5271	8416
3484	8417
3315	8418
8945	8419
6419	8420
7966	8421
95	8422
89	8423
7892	8424
6051	8425
1557	8426
9585	8427
6242	8428
1722	8429
3696	8430
7383	8431
1261	8432
1796	8433
6030	8434
2784	8435
6685	8436
4866	8437
6968	8438
2789	8439
237	8440
9165	8441
9141	8442
4323	8443
7295	8444
8331	8445
363	8446
5836	8447
642	8448
4085	8449
7104	8450
7927	8451
2015	8452
7196	8453
8742	8454
62	8455
5993	8456
7546	8457
8240	8458
6274	8459
7032	8460
2494	8461
4754	8462
7715	8463
8498	8464
3712	8465
7006	8466
50	8467
1874	8468
3787	8469
8296	8470
8014	8471
8289	8472
710	8473
7291	8474
4487	8475
9310	8476
6865	8477
2317	8478
1437	8479
6592	8480
28	8481
8936	8482
8355	8483
4065	8484
9530	8485
7604	8486
5401	8487
5053	8488
2258	8489
4856	8490
3663	8491
177	8492
7571	8493
5624	8494
7662	8495
3136	8496
1692	8497
3974	8498
5143	8499
7832	8500
841	8501
2777	8502
5562	8503
2002	8504
38	8505
9574	8506
1755	8507
6017	8508
1294	8509
4932	8510
9681	8511
7400	8512
1210	8513
4213	8514
713	8515
7169	8516
7848	8517
7495	8518
6472	8519
8895	8520
1165	8521
8812	8522
4794	8523
4638	8524
922	8525
2305	8526
4742	8527
3751	8528
2114	8529
1037	8530
2981	8531
7042	8532
7301	8533
9313	8534
2484	8535
8045	8536
3385	8537
3156	8538
3645	8539
4059	8540
4	8541
6577	8542
3610	8543
5903	8544
1545	8545
4661	8546
9226	8547
5027	8548
5871	8549
2253	8550
8444	8551
2098	8552
5139	8553
2806	8554
1578	8555
8687	8556
5444	8557
2865	8558
7226	8559
9379	8560
7620	8561
2189	8562
6417	8563
6021	8564
190	8565
1186	8566
2210	8567
6462	8568
8977	8569
6879	8570
4860	8571
470	8572
1757	8573
7048	8574
8370	8575
2817	8576
9239	8577
3504	8578
7573	8579
5502	8580
6650	8581
8893	8582
107	8583
2356	8584
5203	8585
7164	8586
672	8587
5829	8588
4144	8589
3938	8590
820	8591
499	8592
3070	8593
4055	8594
596	8595
2166	8596
4216	8597
2508	8598
3343	8599
6622	8600
7886	8601
1892	8602
591	8603
4299	8604
6393	8605
9044	8606
399	8607
341	8608
8273	8609
2502	8610
1977	8611
7755	8612
2446	8613
1252	8614
4124	8615
4847	8616
5752	8617
9248	8618
8969	8619
658	8620
9607	8621
9168	8622
5758	8623
5713	8624
4772	8625
8276	8626
8807	8627
8625	8628
5111	8629
720	8630
3231	8631
5697	8632
5947	8633
912	8634
1081	8635
6856	8636
5939	8637
9495	8638
2168	8639
3925	8640
3410	8641
68	8642
2938	8643
2627	8644
607	8645
2372	8646
8387	8647
1497	8648
4515	8649
7553	8650
203	8651
8158	8652
6304	8653
9039	8654
6194	8655
5778	8656
5532	8657
3324	8658
3422	8659
4187	8660
9409	8661
661	8662
8978	8663
9376	8664
521	8665
899	8666
6482	8667
2826	8668
6701	8669
424	8670
5707	8671
1323	8672
3819	8673
5920	8674
9533	8675
7348	8676
5328	8677
3452	8678
7915	8679
3428	8680
7138	8681
6933	8682
8847	8683
4942	8684
7435	8685
4589	8686
5399	8687
5275	8688
4224	8689
9538	8690
5593	8691
8345	8692
7742	8693
8810	8694
4741	8695
4519	8696
4559	8697
6080	8698
218	8699
868	8700
8160	8701
7173	8702
314	8703
2153	8704
5577	8705
1119	8706
4433	8707
2704	8708
1747	8709
9231	8710
8854	8711
6386	8712
5160	8713
3685	8714
7344	8715
5447	8716
8449	8717
3391	8718
8582	8719
3148	8720
221	8721
3204	8722
6784	8723
5517	8724
9298	8725
7874	8726
2418	8727
1916	8728
8894	8729
806	8730
1137	8731
5826	8732
1582	8733
4728	8734
7	8735
106	8736
8777	8737
1038	8738
1293	8739
1620	8740
3803	8741
8789	8742
4603	8743
9418	8744
2339	8745
5247	8746
6324	8747
5505	8748
157	8749
7149	8750
3999	8751
8660	8752
9508	8753
1568	8754
2845	8755
5436	8756
1597	8757
6597	8758
9032	8759
1090	8760
3273	8761
4296	8762
6098	8763
4750	8764
8028	8765
1515	8766
3020	8767
7784	8768
8982	8769
4555	8770
6981	8771
3127	8772
259	8773
2645	8774
467	8775
8463	8776
6490	8777
3562	8778
7074	8779
6816	8780
7760	8781
774	8782
3306	8783
422	8784
8965	8785
6543	8786
6155	8787
7021	8788
9492	8789
1244	8790
8063	8791
6175	8792
6641	8793
2986	8794
3311	8795
174	8796
5022	8797
4537	8798
9693	8799
4465	8800
2750	8801
9119	8802
9374	8803
7778	8804
1616	8805
1443	8806
4988	8807
4709	8808
7947	8809
6574	8810
5083	8811
8117	8812
61	8813
7528	8814
8485	8815
9653	8816
3781	8817
7582	8818
7155	8819
235	8820
7767	8821
4250	8822
277	8823
527	8824
533	8825
110	8826
4428	8827
7734	8828
8683	8829
3443	8830
1679	8831
3162	8832
261	8833
7253	8834
7634	8835
9410	8836
9177	8837
2365	8838
8814	8839
259	8840
2119	8841
3592	8842
9136	8843
3408	8844
93	8845
561	8846
4385	8847
1637	8848
4517	8849
7911	8850
6766	8851
5523	8852
5067	8853
2126	8854
7777	8855
9048	8856
4163	8857
4681	8858
5842	8859
364	8860
2640	8861
9673	8862
7575	8863
3321	8864
2237	8865
676	8866
1561	8867
3856	8868
8217	8869
6230	8870
7630	8871
2179	8872
4801	8873
7082	8874
4761	8875
3018	8876
7019	8877
6246	8878
863	8879
2122	8880
6410	8881
9004	8882
7151	8883
211	8884
6226	8885
1453	8886
6633	8887
9367	8888
1524	8889
4236	8890
1204	8891
6673	8892
2552	8893
6921	8894
4245	8895
632	8896
6681	8897
5601	8898
5016	8899
995	8900
7996	8901
4542	8902
8566	8903
7308	8904
6360	8905
6525	8906
953	8907
233	8908
1688	8909
3818	8910
1790	8911
9532	8912
3167	8913
8000	8914
7544	8915
8737	8916
9067	8917
6334	8918
6302	8919
7963	8920
4259	8921
8266	8922
1716	8923
2482	8924
5361	8925
3959	8926
1674	8927
2906	8928
9469	8929
393	8930
4438	8931
7701	8932
3586	8933
5367	8934
9412	8935
879	8936
2162	8937
1232	8938
1489	8939
2349	8940
2091	8941
4653	8942
9023	8943
4967	8944
6464	8945
5555	8946
1103	8947
2089	8948
2410	8949
1108	8950
2731	8951
7732	8952
1116	8953
5323	8954
4885	8955
6409	8956
8796	8957
2855	8958
8720	8959
1454	8960
5967	8961
5923	8962
8920	8963
7561	8964
4126	8965
8959	8966
64	8967
7056	8968
5982	8969
8707	8970
1021	8971
9283	8972
827	8973
6100	8974
3333	8975
3894	8976
6110	8977
4093	8978
5542	8979
8544	8980
6159	8981
128	8982
4531	8983
9060	8984
8075	8985
71	8986
468	8987
3541	8988
6541	8989
7436	8990
1488	8991
8609	8992
6919	8993
814	8994
3532	8995
9426	8996
1417	8997
8843	8998
3600	8999
7705	9000
291	9001
6067	9002
7958	9003
3936	9004
8162	9005
9603	9006
9187	9007
8154	9008
7358	9009
5556	9010
4042	9011
4369	9012
4429	9013
723	9014
1295	9015
4621	9016
1447	9017
8214	9018
3596	9019
7129	9020
4040	9021
2005	9022
4751	9023
1030	9024
5072	9025
732	9026
124	9027
8164	9028
1142	9029
6752	9030
7243	9031
5153	9032
8189	9033
275	9034
3565	9035
6954	9036
3328	9037
6143	9038
3683	9039
4376	9040
2328	9041
7422	9042
1835	9043
3109	9044
9620	9045
5245	9046
1541	9047
1505	9048
6160	9049
9402	9050
2245	9051
6287	9052
7978	9053
4192	9054
1869	9055
4114	9056
2203	9057
2274	9058
5003	9059
2299	9060
5876	9061
4991	9062
7654	9063
994	9064
2095	9065
6894	9066
2093	9067
7188	9068
8845	9069
3878	9070
2309	9071
2686	9072
6911	9073
2367	9074
2451	9075
553	9076
4390	9077
4450	9078
6986	9079
8570	9080
7086	9081
9249	9082
8573	9083
6748	9084
4802	9085
80	9086
7762	9087
9131	9088
7534	9089
3282	9090
3133	9091
4624	9092
834	9093
8187	9094
3468	9095
2136	9096
353	9097
907	9098
76	9099
4142	9100
3233	9101
635	9102
5869	9103
2567	9104
1394	9105
4844	9106
6596	9107
9529	9108
8884	9109
7681	9110
166	9111
7100	9112
9445	9113
963	9114
7683	9115
9672	9116
3444	9117
8675	9118
6113	9119
8314	9120
3499	9121
2765	9122
32	9123
7420	9124
8436	9125
5389	9126
5187	9127
3960	9128
7244	9129
813	9130
906	9131
7277	9132
120	9133
3308	9134
8481	9135
9591	9136
4016	9137
7346	9138
5264	9139
7096	9140
9464	9141
2602	9142
6808	9143
6418	9144
7153	9145
9172	9146
7794	9147
3997	9148
5343	9149
3771	9150
5493	9151
4949	9152
4768	9153
5300	9154
7869	9155
2543	9156
2676	9157
693	9158
744	9159
2910	9160
12	9161
7481	9162
7240	9163
7118	9164
1920	9165
9594	9166
2939	9167
7063	9168
238	9169
5341	9170
7939	9171
2269	9172
6066	9173
6372	9174
7929	9175
2303	9176
2752	9177
4212	9178
2038	9179
6477	9180
1174	9181
4293	9182
7106	9183
3816	9184
5136	9185
5259	9186
419	9187
9065	9188
3695	9189
7893	9190
5029	9191
3620	9192
911	9193
2600	9194
9535	9195
2311	9196
92	9197
4688	9198
8620	9199
6250	9200
4820	9201
1214	9202
2105	9203
7234	9204
8635	9205
9092	9206
3637	9207
6210	9208
630	9209
3403	9210
1361	9211
5657	9212
6101	9213
5433	9214
466	9215
1656	9216
9455	9217
9433	9218
4346	9219
6530	9220
108	9221
6084	9222
7697	9223
409	9224
5425	9225
5716	9226
3965	9227
2562	9228
1202	9229
5603	9230
7757	9231
2537	9232
3382	9233
3263	9234
1929	9235
385	9236
5983	9237
8134	9238
8190	9239
6796	9240
3236	9241
2799	9242
5331	9243
1585	9244
6702	9245
5394	9246
3539	9247
2916	9248
4110	9249
8862	9250
1334	9251
8520	9252
6248	9253
4282	9254
3134	9255
267	9256
2028	9257
652	9258
1438	9259
3709	9260
9371	9261
2719	9262
8989	9263
8376	9264
9563	9265
6375	9266
799	9267
8853	9268
3881	9269
2397	9270
5847	9271
9191	9272
8274	9273
6035	9274
862	9275
193	9276
7766	9277
2384	9278
7445	9279
1854	9280
7925	9281
7581	9282
1483	9283
9435	9284
5764	9285
3104	9286
5040	9287
960	9288
9234	9289
4209	9290
6672	9291
9083	9292
2528	9293
4051	9294
1409	9295
3710	9296
5926	9297
5741	9298
9440	9299
7275	9300
6010	9301
3530	9302
4292	9303
946	9304
2042	9305
6439	9306
7782	9307
4406	9308
7793	9309
4039	9310
9525	9311
6065	9312
2624	9313
5219	9314
9531	9315
1569	9316
4349	9317
1498	9318
2546	9319
8606	9320
4708	9321
6174	9322
2149	9323
2045	9324
200	9325
9443	9326
20	9327
7109	9328
595	9329
3529	9330
5767	9331
4504	9332
4506	9333
9456	9334
831	9335
772	9336
2090	9337
138	9338
2163	9339
8650	9340
5571	9341
7523	9342
7887	9343
9684	9344
1950	9345
9301	9346
5344	9347
1255	9348
72	9349
5407	9350
9638	9351
6769	9352
4568	9353
8685	9354
4493	9355
375	9356
3344	9357
3072	9358
2560	9359
149	9360
4600	9361
2619	9362
5062	9363
2294	9364
2295	9365
2371	9366
2268	9367
4403	9368
7250	9369
1670	9370
6785	9371
8495	9372
6211	9373
5431	9374
1712	9375
6507	9376
1067	9377
5622	9378
1006	9379
5	9380
7410	9381
3063	9382
8915	9383
2230	9384
8108	9385
6780	9386
4693	9387
5100	9388
3630	9389
9534	9390
7902	9391
2638	9392
5961	9393
5794	9394
3288	9395
5485	9396
7482	9397
5552	9398
7602	9399
9204	9400
1881	9401
3420	9402
2654	9403
8130	9404
5541	9405
1045	9406
73	9407
258	9408
8102	9409
377	9410
2307	9411
1314	9412
6355	9413
2434	9414
4686	9415
778	9416
5573	9417
3552	9418
796	9419
6547	9420
69	9421
955	9422
8272	9423
9211	9424
4071	9425
4961	9426
5157	9427
3549	9428
7930	9429
415	9430
180	9431
1867	9432
8533	9433
6071	9434
892	9435
1646	9436
8046	9437
2422	9438
5683	9439
3984	9440
808	9441
7609	9442
77	9443
6999	9444
5005	9445
3030	9446
6664	9447
3505	9448
6125	9449
1579	9450
2569	9451
5900	9452
2291	9453
4204	9454
3701	9455
2517	9456
7423	9457
6754	9458
5769	9459
2862	9460
9359	9461
5117	9462
3516	9463
8455	9464
2673	9465
3556	9466
9105	9467
4243	9468
5020	9469
3004	9470
4652	9471
8811	9472
6189	9473
5991	9474
7326	9475
5536	9476
5342	9477
305	9478
1048	9479
7267	9480
3953	9481
3312	9482
1322	9483
5448	9484
5868	9485
3033	9486
7217	9487
7819	9488
49	9489
7406	9490
3688	9491
9436	9492
8166	9493
7812	9494
2270	9495
3406	9496
8443	9497
10	9498
7069	9499
3214	9500
7987	9501
1366	9502
2827	9503
6374	9504
8998	9505
5393	9506
275	9507
8984	9508
4398	9509
7302	9510
4987	9511
8484	9512
7720	9513
4199	9514
992	9515
6643	9516
4704	9517
6751	9518
1885	9519
7855	9520
348	9521
3039	9522
2373	9523
1759	9524
7754	9525
8282	9526
3393	9527
2858	9528
5118	9529
6168	9530
4645	9531
5434	9532
889	9533
4521	9534
2514	9535
9221	9536
91	9537
8121	9538
3398	9539
454	9540
9349	9541
292	9542
2412	9543
3546	9544
1091	9545
228	9546
606	9547
7551	9548
6540	9549
189	9550
1858	9551
5320	9552
5973	9553
3212	9554
2035	9555
169	9556
3848	9557
8537	9558
9219	9559
9173	9560
6107	9561
1424	9562
4281	9563
8709	9564
2047	9565
6790	9566
6312	9567
6082	9568
2086	9569
9242	9570
3418	9571
2171	9572
9281	9573
5922	9574
3793	9575
5665	9576
3773	9577
3021	9578
8212	9579
6261	9580
4024	9581
3448	9582
9634	9583
4277	9584
9413	9585
3268	9586
5006	9587
1034	9588
3350	9589
369	9590
5290	9591
714	9592
6993	9593
3220	9594
1645	9595
3941	9596
854	9597
3183	9598
2744	9599
5569	9600
2061	9601
2665	9602
6254	9603
2804	9604
1673	9605
993	9606
9146	9607
1544	9608
6872	9609
6874	9610
7616	9611
8227	9612
5164	9613
1317	9614
2968	9615
6394	9616
1074	9617
7038	9618
7075	9619
9557	9620
7147	9621
485	9622
3084	9623
1644	9624
4127	9625
168	9626
1971	9627
8873	9628
2017	9629
6770	9630
8143	9631
2437	9632
6795	9633
4876	9634
7526	9635
823	9636
7614	9637
8071	9638
3642	9639
8739	9640
18	9641
222	9642
3614	9643
7412	9644
6603	9645
5122	9646
9572	9647
8864	9648
2306	9649
1001	9650
5378	9651
1791	9652
7	9653
8452	9654
6144	9655
2808	9656
4620	9657
4267	9658
3060	9659
9579	9660
752	9661
4379	9662
7971	9663
2120	9664
1852	9665
4115	9666
2601	9667
3048	9668
2727	9669
9002	9670
614	9671
6081	9672
3916	9673
4474	9674
8315	9675
5706	9676
5793	9677
6823	9678
8413	9679
356	9680
501	9681
8206	9682
3830	9683
718	9684
1596	9685
8120	9686
65	9687
188	9688
6634	9689
1990	9690
1318	9691
40	9692
3839	9693
7134	9694
2401	9695
2714	9696
8086	9697
7062	9698
5024	9699
4511	9700
822	9701
815	9702
1675	9703
1735	9704
2662	9705
457	9706
727	9707
7197	9708
610	9709
151	9710
9616	9711
5504	9712
207	9713
2103	9714
6007	9715
7625	9716
5755	9717
7135	9718
2574	9719
3931	9720
620	9721
7807	9722
4972	9723
8505	9724
663	9725
8241	9726
1362	9727
2753	9728
8458	9729
1891	9730
1909	9731
5735	9732
7830	9733
7677	9734
2726	9735
5747	9736
9389	9737
3568	9738
7772	9739
7269	9740
660	9741
2452	9742
171	9743
4286	9744
4338	9745
8912	9746
3598	9747
1171	9748
6018	9749
1197	9750
5629	9751
777	9752
3621	9753
1672	9754
6939	9755
5125	9756
398	9757
9386	9758
2041	9759
1783	9760
5346	9761
1938	9762
456	9763
7695	9764
8970	9765
9372	9766
246	9767
580	9768
7568	9769
7199	9770
6750	9771
9453	9772
8724	9773
2455	9774
4502	9775
9263	9776
8879	9777
3251	9778
82	9779
6298	9780
8378	9781
2954	9782
1163	9783
242	9784
2483	9785
9542	9786
5110	9787
917	9788
2022	9789
2456	9790
4365	9791
3752	9792
1452	9793
8356	9794
414	9795
8874	9796
4476	9797
9496	9798
8619	9799
2113	9800
1960	9801
6433	9802
2062	9803
2472	9804
3176	9805
56	9806
893	9807
7085	9808
4683	9809
7743	9810
6498	9811
8293	9812
5327	9813
2540	9814
141	9815
7294	9816
6726	9817
9405	9818
891	9819
5474	9820
5008	9821
3140	9822
2622	9823
3207	9824
7079	9825
7235	9826
6601	9827
8021	9828
8974	9829
9033	9830
3833	9831
5267	9832
1068	9833
8322	9834
2966	9835
4855	9836
4642	9837
3221	9838
4644	9839
3650	9840
6382	9841
4449	9842
9625	9843
5258	9844
1573	9845
9423	9846
2444	9847
5776	9848
6399	9849
4833	9850
8916	9851
3526	9852
9145	9853
8516	9854
6343	9855
4830	9856
3869	9857
7706	9858
7802	9859
1958	9860
9130	9861
209	9862
7788	9863
2684	9864
9046	9865
8496	9866
3336	9867
7519	9868
8803	9869
5779	9870
3876	9871
3294	9872
3784	9873
260	9874
8729	9875
9517	9876
6922	9877
1130	9878
9140	9879
6093	9880
4014	9881
3348	9882
8751	9883
2333	9884
2010	9885
5909	9886
8759	9887
1763	9888
1500	9889
4220	9890
6629	9891
5832	9892
136	9893
528	9894
4992	9895
5181	9896
5974	9897
4137	9898
4788	9899
7880	9900
5065	9901
3762	9902
5723	9903
5123	9904
8557	9905
4311	9906
8255	9907
1934	9908
1100	9909
7678	9910
5858	9911
152	9912
4745	9913
4018	9914
2182	9915
366	9916
7140	9917
2308	9918
1734	9919
2359	9920
5420	9921
170	9922
2406	9923
1773	9924
4464	9925
9511	9926
1815	9927
9268	9928
7008	9929
1595	9930
3006	9931
5511	9932
1961	9933
508	9934
5546	9935
6039	9936
7901	9937
3189	9938
655	9939
7556	9940
2227	9941
4419	9942
4958	9943
3178	9944
7820	9945
6523	9946
1754	9947
236	9948
8404	9949
1089	9950
3979	9951
3527	9952
6844	9953
6048	9954
7444	9955
3860	9956
6896	9957
1088	9958
6937	9959
9086	9960
248	9961
9317	9962
3689	9963
2244	9964
5893	9965
2190	9966
7314	9967
1480	9968
6544	9969
3859	9970
254	9971
8881	9972
2620	9973
7033	9974
9627	9975
8368	9976
2466	9977
4697	9978
7510	9979
3939	9980
5460	9981
5088	9982
376	9983
7428	9984
5182	9985
9106	9986
4015	9987
8411	9988
2903	9989
4095	9990
3575	9991
3490	9992
1312	9993
6929	9994
6264	9995
1719	9996
2402	9997
2975	9998
3808	9999
9089	10000
