6038	1
6071	2
8719	3
372	4
9084	5
3335	6
5656	7
4913	8
9370	9
5328	10
5169	11
7492	12
4837	13
6553	14
9485	15
8965	16
9830	17
4411	18
8356	19
1730	20
38	21
5794	22
3379	23
2487	24
7809	25
7637	26
8046	27
3179	28
2871	29
7543	30
9173	31
336	32
7540	33
1869	34
4731	35
7258	36
5170	37
165	38
5081	39
9102	40
7744	41
4259	42
6360	43
1382	44
7843	45
294	46
1225	47
8587	48
7974	49
4982	50
9547	51
7922	52
45	53
6096	54
6025	55
7328	56
9520	57
5791	58
7466	59
814	60
6030	61
2742	62
7706	63
5139	64
6214	65
5709	66
981	67
7825	68
8363	69
1120	70
5859	71
2151	72
5866	73
1872	74
3630	75
8140	76
953	77
7083	78
8339	79
5082	80
5117	81
1731	82
4799	83
5203	84
9834	85
3943	86
3228	87
66	88
563	89
5079	90
1543	91
3612	92
484	93
6999	94
1779	95
9649	96
3599	97
2339	98
8959	99
8732	100
1023	101
6455	102
3095	103
3248	104
4143	105
8893	106
1973	107
8338	108
2448	109
4448	110
3723	111
9680	112
813	113
8904	114
2978	115
639	116
3893	117
6100	118
1469	119
4952	120
7316	121
857	122
9534	123
8635	124
162	125
8574	126
8948	127
1465	128
7498	129
6004	130
8005	131
5953	132
2164	133
7925	134
4066	135
3007	136
5680	137
2798	138
6507	139
8947	140
6130	141
1833	142
7407	143
9623	144
7893	145
6813	146
973	147
8445	148
4173	149
298	150
2837	151
8950	152
4341	153
4811	154
7157	155
9148	156
8788	157
641	158
4296	159
2503	160
1981	161
2507	162
9277	163
1348	164
7109	165
2154	166
8127	167
2727	168
8624	169
8697	170
724	171
3156	172
4123	173
4688	174
2744	175
8791	176
7426	177
5586	178
9709	179
9176	180
8614	181
5815	182
153	183
7894	184
113	185
7055	186
1426	187
9404	188
7002	189
9446	190
2	191
2558	192
9428	193
8895	194
6551	195
8696	196
7190	197
2546	198
9769	199
929	200
7973	201
4432	202
406	203
5746	204
3640	205
8728	206
6497	207
1100	208
1128	209
1758	210
788	211
9719	212
1674	213
4628	214
2011	215
3132	216
330	217
6592	218
7772	219
7394	220
5761	221
1775	222
2818	223
2962	224
978	225
7605	226
8475	227
3302	228
8249	229
5750	230
614	231
5224	232
931	233
7350	234
6466	235
3028	236
3804	237
1312	238
2555	239
3641	240
2676	241
9609	242
161	243
6260	244
3567	245
6672	246
1180	247
4089	248
8606	249
1400	250
9318	251
9638	252
3849	253
1	254
3120	255
3352	256
1715	257
9252	258
20	259
9815	260
6354	261
5472	262
3207	263
6181	264
3112	265
1899	266
9872	267
1597	268
1706	269
256	270
2372	271
9152	272
5758	273
8130	274
286	275
6451	276
280	277
100	278
2167	279
805	280
2196	281
2514	282
5763	283
6476	284
3783	285
7847	286
1895	287
779	288
6177	289
1513	290
9524	291
3592	292
7081	293
2111	294
1807	295
9416	296
9783	297
9753	298
3409	299
1059	300
2708	301
166	302
3843	303
3605	304
78	305
4757	306
6052	307
4945	308
1677	309
4272	310
25	311
1931	312
9239	313
2734	314
1474	315
3010	316
4966	317
4160	318
352	319
976	320
5176	321
4746	322
7525	323
3851	324
1040	325
8862	326
786	327
6594	328
960	329
2522	330
1587	331
7880	332
8923	333
2867	334
1945	335
5837	336
2268	337
4863	338
9013	339
7697	340
7244	341
1701	342
5812	343
8926	344
881	345
7587	346
2105	347
3124	348
6298	349
3369	350
6325	351
2157	352
2853	353
171	354
6895	355
8413	356
4941	357
8562	358
155	359
8075	360
152	361
18	362
743	363
6919	364
7716	365
4570	366
1488	367
8341	368
3935	369
8302	370
344	371
1989	372
6449	373
9328	374
3791	375
4955	376
8885	377
7299	378
7742	379
607	380
9639	381
6250	382
5912	383
267	384
719	385
7443	386
9785	387
7171	388
9068	389
8914	390
3375	391
1327	392
6274	393
1062	394
2501	395
2877	396
3092	397
8349	398
3566	399
5991	400
767	401
4754	402
4756	403
6815	404
8632	405
549	406
958	407
8793	408
8755	409
6827	410
6353	411
3440	412
3650	413
8974	414
3671	415
7068	416
8698	417
5155	418
649	419
7545	420
645	421
4833	422
7945	423
4583	424
4580	425
6833	426
3706	427
699	428
8312	429
4946	430
8299	431
8854	432
2469	433
785	434
1941	435
7846	436
25	437
3709	438
1864	439
3206	440
6834	441
7056	442
7128	443
4242	444
7952	445
1993	446
4701	447
8153	448
2043	449
6727	450
3365	451
3853	452
2080	453
5099	454
1582	455
6143	456
7091	457
8144	458
1483	459
5901	460
4369	461
5814	462
7749	463
2605	464
9708	465
8842	466
8267	467
5585	468
9835	469
9018	470
8789	471
1753	472
8615	473
8829	474
7269	475
5449	476
1473	477
5288	478
8422	479
4931	480
21	481
5437	482
7815	483
6084	484
1877	485
8250	486
8189	487
4905	488
4571	489
2381	490
7263	491
7791	492
9080	493
8288	494
1302	495
1506	496
5735	497
1697	498
3293	499
3217	500
169	501
508	502
5322	503
9043	504
3751	505
5631	506
487	507
9521	508
24	509
9723	510
2995	511
3194	512
873	513
2467	514
8061	515
5839	516
5217	517
8716	518
9099	519
3840	520
5917	521
5779	522
2425	523
2712	524
9026	525
7095	526
8446	527
6950	528
2718	529
340	530
9816	531
1016	532
8610	533
5326	534
8857	535
2120	536
9726	537
9475	538
9314	539
5391	540
757	541
7365	542
974	543
6286	544
3195	545
9451	546
1048	547
5455	548
5140	549
4281	550
5529	551
8657	552
5745	553
4883	554
2478	555
8096	556
3762	557
8778	558
9448	559
6	560
994	561
3717	562
5365	563
4046	564
7327	565
979	566
8371	567
9530	568
8860	569
5841	570
2451	571
9511	572
6828	573
6706	574
5998	575
504	576
5348	577
7295	578
7517	579
6892	580
7596	581
1364	582
5816	583
7929	584
2042	585
3312	586
2277	587
3711	588
8853	589
8890	590
8079	591
2691	592
1479	593
2056	594
9820	595
1703	596
7962	597
4582	598
2436	599
3480	600
6871	601
4047	602
6155	603
3715	604
7520	605
32	606
2998	607
572	608
1230	609
5142	610
6563	611
2524	612
227	613
3100	614
2155	615
9292	616
5760	617
8855	618
1995	619
4603	620
652	621
802	622
3297	623
1578	624
5988	625
103	626
5071	627
133	628
18	629
7603	630
284	631
9454	632
4450	633
8861	634
361	635
1339	636
112	637
9495	638
3079	639
5774	640
9405	641
8254	642
9499	643
7013	644
6163	645
4958	646
2724	647
3604	648
3708	649
828	650
5578	651
4840	652
7601	653
9319	654
2673	655
3745	656
8654	657
3915	658
7576	659
5624	660
8350	661
1960	662
9447	663
6242	664
9452	665
129	666
3704	667
7093	668
5344	669
160	670
1378	671
527	672
5669	673
13	674
370	675
7831	676
2479	677
6273	678
9854	679
353	680
8830	681
5308	682
6078	683
1041	684
4759	685
6180	686
8279	687
78	688
4151	689
1767	690
1612	691
3089	692
3892	693
2158	694
3496	695
5398	696
3411	697
2924	698
6436	699
23	700
791	701
6588	702
5410	703
653	704
3150	705
9540	706
9651	707
6232	708
3809	709
3336	710
2923	711
8229	712
4683	713
3766	714
7808	715
7656	716
3278	717
5428	718
2083	719
9010	720
5856	721
8497	722
9793	723
3048	724
5209	725
3321	726
4524	727
1763	728
472	729
3169	730
292	731
3240	732
537	733
4911	734
1609	735
7188	736
308	737
4104	738
9007	739
4140	740
324	741
5960	742
29	743
5171	744
5705	745
4529	746
4868	747
3233	748
2171	749
119	750
5450	751
1524	752
6361	753
6123	754
7386	755
1080	756
8049	757
3768	758
7900	759
7297	760
704	761
6287	762
5014	763
8199	764
207	765
7949	766
2775	767
8157	768
1228	769
1248	770
2985	771
4849	772
4286	773
794	774
6927	775
4599	776
4088	777
159	778
7628	779
7676	780
6848	781
1313	782
5476	783
6005	784
1376	785
9516	786
1131	787
7840	788
9098	789
8995	790
8222	791
65	792
9333	793
8519	794
6113	795
4131	796
4616	797
2709	798
4454	799
2824	800
6001	801
4147	802
2323	803
9340	804
2888	805
761	806
1298	807
2299	808
9061	809
9021	810
205	811
3848	812
4658	813
2844	814
16	815
6874	816
3784	817
7058	818
2674	819
8187	820
3720	821
8159	822
2649	823
7583	824
2047	825
3576	826
7805	827
5659	828
5757	829
7044	830
9740	831
7414	832
452	833
7422	834
9792	835
8848	836
4359	837
8800	838
7837	839
2327	840
2166	841
5728	842
5001	843
5000	844
257	845
3891	846
3823	847
5351	848
7337	849
7340	850
533	851
5078	852
446	853
5494	854
1411	855
1813	856
5990	857
1125	858
6147	859
6223	860
233	861
5548	862
4907	863
4929	864
9399	865
7076	866
5704	867
2072	868
9397	869
3404	870
8152	871
7453	872
2289	873
3348	874
5193	875
7633	876
5049	877
760	878
6115	879
2114	880
5639	881
377	882
6998	883
1909	884
7250	885
3727	886
4125	887
9744	888
4632	889
125	890
6343	891
8972	892
432	893
9543	894
8379	895
7282	896
8583	897
3188	898
6197	899
1623	900
1187	901
9629	902
3923	903
6471	904
79	905
4604	906
6756	907
3087	908
6906	909
1291	910
4766	911
3270	912
6253	913
6867	914
250	915
6424	916
7503	917
9361	918
8008	919
7612	920
121	921
2950	922
3349	923
8028	924
7733	925
2496	926
5736	927
821	928
702	929
7455	930
6140	931
4831	932
3837	933
911	934
4980	935
3978	936
739	937
8117	938
4532	939
8105	940
5600	941
5865	942
8263	943
5636	944
8118	945
4968	946
8464	947
3759	948
5033	949
9862	950
1393	951
4794	952
2103	953
8244	954
9703	955
2046	956
557	957
6463	958
7228	959
4555	960
9644	961
7247	962
8644	963
185	964
6226	965
481	966
2128	967
3216	968
6375	969
9345	970
8953	971
1717	972
3684	973
9122	974
2908	975
4774	976
2618	977
7037	978
3172	979
1003	980
4639	981
7036	982
8237	983
7901	984
7902	985
7652	986
8166	987
5342	988
2787	989
6589	990
8967	991
5788	992
2944	993
9478	994
6586	995
6587	996
3105	997
8262	998
7308	999
4332	1000
2172	1001
2951	1002
4303	1003
746	1004
426	1005
5444	1006
3373	1007
238	1008
3607	1009
9727	1010
6943	1011
1829	1012
6055	1013
6255	1014
9580	1015
9606	1016
8969	1017
3539	1018
569	1019
8761	1020
2066	1021
6796	1022
4119	1023
3303	1024
8139	1025
9295	1026
6684	1027
5226	1028
8134	1029
2156	1030
8269	1031
1140	1032
808	1033
6782	1034
4654	1035
9140	1036
5902	1037
9169	1038
3693	1039
7421	1040
6880	1041
7972	1042
2495	1043
5890	1044
5713	1045
4062	1046
9695	1047
6142	1048
3384	1049
9324	1050
2343	1051
9123	1052
7886	1053
1289	1054
5695	1055
5897	1056
8360	1057
8088	1058
6356	1059
1920	1060
6423	1061
5402	1062
7663	1063
5423	1064
7714	1065
5034	1066
3863	1067
9532	1068
2345	1069
9250	1070
9221	1071
7101	1072
3528	1073
5018	1074
7800	1075
590	1076
8773	1077
3719	1078
8952	1079
9166	1080
7913	1081
4512	1082
7767	1083
501	1084
8933	1085
8376	1086
3707	1087
8633	1088
2974	1089
4293	1090
6231	1091
93	1092
6571	1093
403	1094
9363	1095
451	1096
9493	1097
182	1098
9504	1099
7419	1100
9539	1101
4340	1102
2110	1103
6485	1104
2594	1105
836	1106
8004	1107
6739	1108
9155	1109
6916	1110
7204	1111
4648	1112
8898	1113
2383	1114
5309	1115
3508	1116
3425	1117
8910	1118
4362	1119
4943	1120
9279	1121
792	1122
5301	1123
5584	1124
9020	1125
4275	1126
1334	1127
4696	1128
6039	1129
3199	1130
5868	1131
8694	1132
6408	1133
9702	1134
6975	1135
5614	1136
5483	1137
9003	1138
977	1139
5157	1140
3168	1141
3689	1142
2716	1143
3161	1144
3815	1145
9843	1146
5240	1147
1638	1148
4164	1149
6579	1150
9238	1151
3933	1152
3197	1153
6494	1154
4793	1155
6767	1156
8235	1157
4593	1158
8809	1159
43	1160
3780	1161
9072	1162
3799	1163
6492	1164
174	1165
4389	1166
3136	1167
4564	1168
5358	1169
4612	1170
8839	1171
9075	1172
545	1173
6991	1174
2424	1175
2628	1176
4630	1177
1518	1178
5627	1179
7200	1180
8060	1181
3918	1182
467	1183
6804	1184
8142	1185
2065	1186
8593	1187
669	1188
3948	1189
8438	1190
7467	1191
8672	1192
4256	1193
8052	1194
6405	1195
6780	1196
8113	1197
89	1198
3378	1199
367	1200
7023	1201
7871	1202
8905	1203
3162	1204
4130	1205
3182	1206
4677	1207
2099	1208
547	1209
2379	1210
566	1211
6905	1212
8998	1213
7547	1214
2064	1215
8920	1216
9658	1217
6415	1218
9756	1219
5946	1220
9376	1221
4662	1222
6785	1223
444	1224
6708	1225
1433	1226
4339	1227
3495	1228
8831	1229
7532	1230
5646	1231
3394	1232
4361	1233
6649	1234
2395	1235
2203	1236
2236	1237
1314	1238
3979	1239
9069	1240
86	1241
3483	1242
1657	1243
2561	1244
8217	1245
4720	1246
2093	1247
6401	1248
7004	1249
48	1250
511	1251
7712	1252
4458	1253
2362	1254
3959	1255
839	1256
1224	1257
9058	1258
4099	1259
15	1260
7218	1261
6458	1262
2657	1263
9627	1264
4172	1265
8434	1266
2455	1267
8486	1268
6770	1269
9596	1270
5862	1271
2684	1272
2874	1273
3824	1274
3802	1275
647	1276
9330	1277
84	1278
2567	1279
4079	1280
9181	1281
1916	1282
3311	1283
3981	1284
6903	1285
156	1286
8525	1287
8846	1288
565	1289
2246	1290
6976	1291
8194	1292
7648	1293
8551	1294
8480	1295
5874	1296
7173	1297
7783	1298
3506	1299
3820	1300
7541	1301
2741	1302
1875	1303
2386	1304
8370	1305
9641	1306
5741	1307
519	1308
7589	1309
6245	1310
1771	1311
727	1312
7243	1313
4290	1314
6847	1315
9698	1316
9730	1317
6786	1318
7736	1319
9522	1320
2223	1321
6448	1322
2113	1323
2927	1324
7971	1325
6717	1326
3441	1327
1521	1328
7610	1329
5374	1330
6738	1331
4914	1332
2831	1333
7519	1334
1389	1335
3108	1336
8324	1337
2802	1338
558	1339
643	1340
7485	1341
6159	1342
4816	1343
8178	1344
6443	1345
9170	1346
1902	1347
4096	1348
2312	1349
6193	1350
9195	1351
3856	1352
4716	1353
9079	1354
2747	1355
1601	1356
8894	1357
5589	1358
6967	1359
8578	1360
5196	1361
9839	1362
1141	1363
2401	1364
6299	1365
9829	1366
6377	1367
9571	1368
3386	1369
6304	1370
3459	1371
6982	1372
6529	1373
3388	1374
7215	1375
6320	1376
7617	1377
368	1378
9692	1379
9349	1380
4578	1381
2589	1382
8016	1383
8617	1384
4460	1385
5810	1386
100	1387
7561	1388
729	1389
13	1390
9869	1391
9637	1392
3298	1393
9065	1394
3305	1395
9694	1396
6272	1397
6407	1398
5059	1399
2668	1400
4928	1401
5547	1402
6938	1403
3269	1404
8233	1405
329	1406
9797	1407
5936	1408
3186	1409
5831	1410
6630	1411
4810	1412
5940	1413
1867	1414
1354	1415
7910	1416
5025	1417
8498	1418
2483	1419
3666	1420
5232	1421
3967	1422
7369	1423
8896	1424
7072	1425
4230	1426
5566	1427
2778	1428
9667	1429
1487	1430
3096	1431
1388	1432
3752	1433
2812	1434
2864	1435
7579	1436
990	1437
9713	1438
6823	1439
8979	1440
9737	1441
1361	1442
8056	1443
4782	1444
5945	1445
40	1446
9536	1447
4226	1448
9206	1449
8407	1450
4819	1451
7057	1452
1265	1453
9132	1454
5805	1455
7163	1456
4261	1457
2863	1458
9001	1459
8430	1460
5373	1461
3160	1462
4302	1463
319	1464
4893	1465
2484	1466
6941	1467
8520	1468
7867	1469
99	1470
4471	1471
4615	1472
2887	1473
6665	1474
6819	1475
9636	1476
105	1477
5102	1478
8656	1479
2454	1480
9494	1481
42	1482
8331	1483
3301	1484
8602	1485
6886	1486
6666	1487
6993	1488
1653	1489
2258	1490
6129	1491
7522	1492
5137	1493
7687	1494
8627	1495
4322	1496
6173	1497
5744	1498
4005	1499
1762	1500
2278	1501
7409	1502
3300	1503
765	1504
3319	1505
9183	1506
5849	1507
5181	1508
8069	1509
9846	1510
9870	1511
4622	1512
7590	1513
8089	1514
6724	1515
2520	1516
9326	1517
4324	1518
6211	1519
1258	1520
360	1521
3400	1522
1213	1523
5799	1524
456	1525
986	1526
8660	1527
421	1528
6710	1529
3755	1530
7180	1531
9770	1532
2967	1533
5002	1534
6224	1535
5190	1536
9867	1537
4682	1538
2001	1539
3416	1540
3595	1541
5125	1542
5325	1543
4031	1544
6213	1545
1108	1546
4815	1547
1537	1548
37	1549
1296	1550
9546	1551
8035	1552
20	1553
53	1554
1655	1555
3277	1556
7609	1557
599	1558
9732	1559
2403	1560
365	1561
6913	1562
2036	1563
164	1564
4319	1565
1974	1566
8077	1567
8191	1568
6153	1569
2532	1570
8346	1571
7429	1572
3627	1573
3909	1574
5647	1575
3801	1576
9640	1577
1405	1578
1255	1579
7027	1580
5995	1581
6364	1582
3828	1583
1098	1584
6593	1585
690	1586
5727	1587
6755	1588
934	1589
3358	1590
5784	1591
5	1592
2247	1593
1658	1594
1460	1595
1025	1596
2344	1597
2982	1598
782	1599
5551	1600
4739	1601
26	1602
1013	1603
1021	1604
6297	1605
3029	1606
73	1607
6169	1608
2453	1609
7835	1610
3073	1611
552	1612
395	1613
991	1614
992	1615
2563	1616
7857	1617
8	1618
3170	1619
2322	1620
5523	1621
502	1622
312	1623
3554	1624
3340	1625
8714	1626
9124	1627
3984	1628
9512	1629
7114	1630
8108	1631
1714	1632
1096	1633
9322	1634
7356	1635
6006	1636
9298	1637
6187	1638
8507	1639
2270	1640
215	1641
9665	1642
3945	1643
7876	1644
7875	1645
1947	1646
9788	1647
7774	1648
3826	1649
424	1650
5405	1651
1988	1652
8558	1653
9004	1654
2614	1655
4199	1656
1346	1657
2173	1658
4956	1659
4335	1660
4921	1661
799	1662
3760	1663
6602	1664
9670	1665
4740	1666
2221	1667
5440	1668
5360	1669
3638	1670
5800	1671
2380	1672
1650	1673
4764	1674
5457	1675
8107	1676
4971	1677
4723	1678
4208	1679
962	1680
6305	1681
4554	1682
4806	1683
2568	1684
7595	1685
3795	1686
5277	1687
3877	1688
277	1689
8143	1690
5985	1691
6040	1692
6324	1693
5951	1694
2358	1695
1027	1696
1266	1697
8241	1698
2992	1699
9684	1700
462	1701
8873	1702
4309	1703
2776	1704
2303	1705
7747	1706
1509	1707
2751	1708
5599	1709
6547	1710
8245	1711
3432	1712
4892	1713
1435	1714
3628	1715
3701	1716
3367	1717
1179	1718
8247	1719
1618	1720
258	1721
4994	1722
6141	1723
2418	1724
9716	1725
2580	1726
6995	1727
1511	1728
9037	1729
1661	1730
867	1731
9823	1732
2488	1733
7106	1734
7352	1735
5252	1736
6566	1737
4812	1738
4444	1739
5504	1740
903	1741
4788	1742
5250	1743
5254	1744
9718	1745
1929	1746
95	1747
9800	1748
2804	1749
5667	1750
8718	1751
9528	1752
7159	1753
6562	1754
6462	1755
6425	1756
495	1757
901	1758
827	1759
1330	1760
8100	1761
8022	1762
8977	1763
3590	1764
2719	1765
5236	1766
7685	1767
179	1768
5898	1769
6970	1770
516	1771
1811	1772
6189	1773
7324	1774
1243	1775
687	1776
2722	1777
8286	1778
3814	1779
6474	1780
9715	1781
4733	1782
3608	1783
2253	1784
1329	1785
8240	1786
3541	1787
3796	1788
3714	1789
3597	1790
1359	1791
8037	1792
2663	1793
2636	1794
5135	1795
4888	1796
4663	1797
646	1798
7550	1799
6097	1800
3101	1801
5934	1802
6918	1803
1461	1804
5447	1805
1151	1806
4094	1807
6036	1808
7480	1809
2412	1810
5180	1811
7110	1812
3221	1813
7389	1814
8775	1815
8291	1816
2407	1817
8109	1818
1207	1819
2274	1820
219	1821
176	1822
6663	1823
4170	1824
349	1825
6610	1826
6315	1827
6954	1828
4650	1829
5611	1830
6524	1831
3571	1832
3429	1833
3430	1834
4326	1835
3584	1836
8071	1837
7153	1838
1750	1839
7738	1840
8878	1841
7523	1842
546	1843
604	1844
9401	1845
84	1846
5287	1847
6607	1848
6531	1849
9655	1850
6829	1851
2271	1852
8623	1853
1217	1854
7382	1855
28	1856
9704	1857
7224	1858
9066	1859
8676	1860
499	1861
774	1862
2149	1863
1716	1864
6801	1865
7670	1866
8577	1867
5091	1868
5020	1869
5481	1870
6556	1871
5130	1872
7399	1873
3045	1874
9204	1875
2833	1876
2519	1877
736	1878
2179	1879
6890	1880
6106	1881
8689	1882
6716	1883
3259	1884
3965	1885
9373	1886
5957	1887
6514	1888
8727	1889
1712	1890
2347	1891
2180	1892
8307	1893
3582	1894
9487	1895
6662	1896
8494	1897
5530	1898
4876	1899
4896	1900
725	1901
5498	1902
1532	1903
4049	1904
9812	1905
2350	1906
8650	1907
7047	1908
7347	1909
2634	1910
2225	1911
3845	1912
8982	1913
2779	1914
5751	1915
5038	1916
9436	1917
9587	1918
163	1919
4700	1920
8292	1921
1136	1922
972	1923
1752	1924
1786	1925
8300	1926
46	1927
2097	1928
2559	1929
9427	1930
8188	1931
7444	1932
7581	1933
1968	1934
56	1935
796	1936
5043	1937
307	1938
8849	1939
6021	1940
1996	1941
1085	1942
1561	1943
8125	1944
9073	1945
2266	1946
1861	1947
3622	1948
2697	1949
3177	1950
6391	1951
434	1952
4702	1953
7990	1954
6264	1955
3266	1956
5941	1957
7433	1958
5717	1959
2279	1960
9824	1961
5550	1962
7869	1963
3417	1964
112	1965
8373	1966
8978	1967
9731	1968
5754	1969
5438	1970
3500	1971
2608	1972
9775	1973
7860	1974
7851	1975
4034	1976
2625	1977
2680	1978
5349	1979
4266	1980
2485	1981
3785	1982
3212	1983
1439	1984
326	1985
5540	1986
6042	1987
7591	1988
355	1989
81	1990
141	1991
3155	1992
1682	1993
6432	1994
605	1995
7310	1996
1698	1997
5854	1998
1944	1999
1798	2000
9134	2001
1231	2002
3390	2003
6442	2004
8935	2005
5838	2006
3740	2007
3624	2008
7516	2009
8875	2010
2878	2011
3032	2012
9552	2013
3655	2014
6611	2015
218	2016
5340	2017
4904	2018
3885	2019
9097	2020
151	2021
4443	2022
9622	2023
2330	2024
7699	2025
5896	2026
6060	2027
9357	2028
8922	2029
130	2030
132	2031
3213	2032
4668	2033
3658	2034
5246	2035
8380	2036
1449	2037
3458	2038
5280	2039
6092	2040
2374	2041
3447	2042
9479	2043
5537	2044
8659	2045
149	2046
937	2047
5269	2048
7701	2049
75	2050
772	2051
7566	2052
9002	2053
8921	2054
3140	2055
7671	2056
2368	2057
3821	2058
5477	2059
2968	2060
3818	2061
1352	2062
4521	2063
3439	2064
2140	2065
7149	2066
530	2067
689	2068
1072	2069
3323	2070
3382	2071
5916	2072
6822	2073
8345	2074
8293	2075
497	2076
1761	2077
7479	2078
5804	2079
1333	2080
2738	2081
1190	2082
8524	2083
523	2084
7432	2085
3191	2086
4107	2087
5832	2088
4591	2089
8671	2090
8958	2091
7007	2092
1998	2093
6338	2094
4886	2095
4378	2096
5857	2097
7192	2098
9570	2099
3181	2100
6702	2101
4871	2102
8227	2103
3143	2104
8936	2105
4116	2106
1287	2107
8057	2108
9526	2109
2782	2110
5152	2111
2185	2112
3376	2113
1924	2114
2711	2115
1859	2116
9615	2117
7937	2118
9565	2119
1394	2120
9210	2121
9456	2122
9691	2123
7978	2124
2808	2125
2059	2126
117	2127
8416	2128
9681	2129
8670	2130
9434	2131
137	2132
6165	2133
5400	2134
8399	2135
8509	2136
379	2137
6654	2138
9254	2139
876	2140
7120	2141
3835	2142
4001	2143
9661	2144
3764	2145
19	2146
8797	2147
4574	2148
6862	2149
3512	2150
7966	2151
2144	2152
9573	2153
7280	2154
3070	2155
9659	2156
4631	2157
7449	2158
612	2159
1014	2160
3536	2161
411	2162
2845	2163
9413	2164
4998	2165
8611	2166
4803	2167
4972	2168
3798	2169
7735	2170
6887	2171
7268	2172
8549	2173
8539	2174
8439	2175
7066	2176
5414	2177
6158	2178
2404	2179
8132	2180
6157	2181
6278	2182
1060	2183
7643	2184
9818	2185
1588	2186
3047	2187
2764	2188
7642	2189
1436	2190
4171	2191
7379	2192
2085	2193
9375	2194
4699	2195
9822	2196
4148	2197
1733	2198
4045	2199
3117	2200
96	2201
2428	2202
5019	2203
834	2204
5185	2205
8420	2206
1087	2207
7208	2208
4989	2209
893	2210
2762	2211
9074	2212
3660	2213
2143	2214
7262	2215
1688	2216
4198	2217
3333	2218
4531	2219
4707	2220
8011	2221
8758	2222
4820	2223
5822	2224
8145	2225
3975	2226
4919	2227
3626	2228
5311	2229
9553	2230
8401	2231
6561	2232
6645	2233
4995	2234
3255	2235
6798	2236
7982	2237
1840	2238
2422	2239
101	2240
2896	2241
5888	2242
1858	2243
1566	2244
2096	2245
5488	2246
8443	2247
1464	2248
6504	2249
5964	2250
6908	2251
7119	2252
5860	2253
8170	2254
4144	2255
7750	2256
4374	2257
4491	2258
5491	2259
927	2260
5445	2261
613	2262
5069	2263
4156	2264
8823	2265
8255	2266
9060	2267
1273	2268
3737	2269
6220	2270
5395	2271
2906	2272
957	2273
4751	2274
5852	2275
7360	2276
9233	2277
8384	2278
1263	2279
4257	2280
1951	2281
7490	2282
1379	2283
2371	2284
5948	2285
2783	2286
7375	2287
2895	2288
6372	2289
5933	2290
9280	2291
7005	2292
7717	2293
2280	2294
8136	2295
248	2296
5992	2297
6647	2298
4150	2299
1792	2300
5442	2301
3402	2302
4243	2303
9128	2304
2859	2305
2174	2306
8018	2307
5879	2308
9228	2309
7730	2310
6863	2311
6314	2312
8377	2313
7343	2314
825	2315
3490	2316
6656	2317
409	2318
6992	2319
950	2320
1033	2321
9190	2322
3486	2323
3716	2324
2183	2325
9773	2326
4877	2327
7254	2328
208	2329
71	2330
7627	2331
6953	2332
9355	2333
9710	2334
1007	2335
3878	2336
8813	2337
3927	2338
7285	2339
9848	2340
87	2341
4969	2342
4016	2343
5057	2344
2390	2345
3249	2346
4874	2347
678	2348
2911	2349
2317	2350
9367	2351
6861	2352
8557	2353
8219	2354
2205	2355
9473	2356
8581	2357
4413	2358
9110	2359
8009	2360
2706	2361
7445	2362
4344	2363
8768	2364
4255	2365
2796	2366
6924	2367
5310	2368
8856	2369
2632	2370
6075	2371
8274	2372
3154	2373
5976	2374
8883	2375
7311	2376
332	2377
30	2378
9671	2379
3380	2380
3201	2381
3977	2382
5416	2383
7264	2384
5380	2385
718	2386
91	2387
9256	2388
830	2389
2284	2390
2869	2391
6868	2392
4789	2393
402	2394
111	2395
7151	2396
3513	2397
1827	2398
4482	2399
8646	2400
9420	2401
1633	2402
6221	2403
5212	2404
6069	2405
2010	2406
3520	2407
6864	2408
9626	2409
6236	2410
8220	2411
1448	2412
3518	2413
5313	2414
732	2415
178	2416
8836	2417
7755	2418
3733	2419
3598	2420
7127	2421
2933	2422
5035	2423
1171	2424
5577	2425
8533	2426
4336	2427
9062	2428
4635	2429
6653	2430
116	2431
8466	2432
634	2433
6090	2434
2836	2435
8625	2436
4071	2437
822	2438
585	2439
2231	2440
8821	2441
8124	2442
4124	2443
6792	2444
1425	2445
1884	2446
8017	2447
6537	2448
8688	2449
7085	2450
7094	2451
4057	2452
4553	2453
2652	2454
7423	2455
9844	2456
7878	2457
7239	2458
4540	2459
3842	2460
891	2461
8395	2462
7931	2463
902	2464
2184	2465
3922	2466
5626	2467
6788	2468
3615	2469
7650	2470
1589	2471
8425	2472
1012	2473
1310	2474
9143	2475
1585	2476
8664	2477
539	2478
486	2479
67	2480
3912	2481
5688	2482
4495	2483
6439	2484
1181	2485
3492	2486
3434	2487
3385	2488
1781	2489
8605	2490
170	2491
3226	2492
892	2493
4563	2494
3076	2495
1977	2496
1744	2497
3227	2498
7620	2499
4786	2500
385	2501
6363	2502
5872	2503
4569	2504
206	2505
8405	2506
8869	2507
9768	2508
8455	2509
3911	2510
1812	2511
9293	2512
9492	2513
723	2514
2400	2515
7170	2516
8091	2517
1652	2518
3127	2519
8470	2520
3888	2521
6104	2522
1311	2523
5464	2524
8751	2525
1806	2526
2904	2527
954	2528
4470	2529
7928	2530
9460	2531
2243	2532
2076	2533
9193	2534
6202	2535
4741	2536
7644	2537
7806	2538
2413	2539
9205	2540
3264	2541
8290	2542
8203	2543
9450	2544
4246	2545
3846	2546
3844	2547
296	2548
1925	2549
7212	2550
6128	2551
7024	2552
3473	2553
7526	2554
4887	2555
5159	2556
8389	2557
6934	2558
7	2559
1300	2560
8833	2561
9863	2562
6316	2563
4948	2564
4614	2565
9365	2566
8483	2567
118	2568
7300	2569
7593	2570
5519	2571
588	2572
405	2573
8396	2574
2791	2575
1725	2576
1401	2577
2777	2578
9871	2579
366	2580
3653	2581
5363	2582
4328	2583
9865	2584
9223	2585
343	2586
964	2587
9734	2588
4981	2589
3958	2590
4509	2591
4098	2592
3498	2593
6899	2594
2349	2595
1078	2596
7361	2597
8820	2598
6396	2599
6854	2600
220	2601
2823	2602
436	2603
5619	2604
3920	2605
6761	2606
9038	2607
6763	2608
4287	2609
8184	2610
1036	2611
8631	2612
9266	2613
9222	2614
5655	2615
713	2616
5597	2617
7384	2618
6772	2619
7134	2620
4534	2621
6277	2622
7107	2623
9057	2624
9453	2625
3133	2626
3593	2627
7117	2628
8298	2629
5300	2630
6765	2631
6842	2632
5711	2633
1068	2634
8311	2635
8815	2636
102	2637
102	2638
3765	2639
63	2640
6438	2641
9083	2642
3686	2643
83	2644
4305	2645
4492	2646
5379	2647
4321	2648
6787	2649
7145	2650
5482	2651
7584	2652
635	2653
8264	2654
6501	2655
967	2656
2647	2657
8763	2658
54	2659
1286	2660
9015	2661
4901	2662
9171	2663
3274	2664
1437	2665
7792	2666
5323	2667
6944	2668
6764	2669
4363	2670
5553	2671
3083	2672
4180	2673
3700	2674
567	2675
7710	2676
9028	2677
7391	2678
6037	2679
2737	2680
6015	2681
3928	2682
9108	2683
7544	2684
7614	2685
2949	2686
2242	2687
8641	2688
8637	2689
7921	2690
9798	2691
850	2692
3579	2693
8239	2694
711	2695
4372	2696
3410	2697
4796	2698
3485	2699
3280	2700
8215	2701
4676	2702
8988	2703
4575	2704
2929	2705
7232	2706
3869	2707
3526	2708
2790	2709
5969	2710
8598	2711
8453	2712
4306	2713
1934	2714
4693	2715
853	2716
9188	2717
8214	2718
6473	2719
2570	2720
4343	2721
3639	2722
6057	2723
5905	2724
5031	2725
347	2726
709	2727
4014	2728
2623	2729
9290	2730
7862	2731
6534	2732
7213	2733
4416	2734
3876	2735
9777	2736
4918	2737
4383	2738
1369	2739
6742	2740
1672	2741
7203	2742
3832	2743
6581	2744
9336	2745
2305	2746
4961	2747
4422	2748
7814	2749
2814	2750
3904	2751
2752	2752
2820	2753
8513	2754
5282	2755
108	2756
5245	2757
7715	2758
849	2759
1683	2760
2943	2761
1337	2762
6725	2763
4387	2764
9269	2765
9179	2766
2267	2767
6035	2768
1028	2769
5587	2770
9286	2771
4217	2772
887	2773
6134	2774
1662	2775
4459	2776
4159	2777
4451	2778
861	2779
9441	2780
4813	2781
1976	2782
6064	2783
8010	2784
9656	2785
8502	2786
9332	2787
9860	2788
5512	2789
2489	2790
1458	2791
1299	2792
9025	2793
6535	2794
625	2795
606	2796
5608	2797
9130	2798
6850	2799
2604	2800
6741	2801
488	2802
4163	2803
5769	2804
1617	2805
9562	2806
7588	2807
1808	2808
1396	2809
6085	2810
2475	2811
2259	2812
11	2813
5541	2814
2004	2815
5802	2816
2457	2817
3748	2818
5961	2819
1631	2820
6835	2821
2458	2822
1276	2823
9586	2824
7459	2825
532	2826
5986	2827
9209	2828
7097	2829
886	2830
6058	2831
4141	2832
6102	2833
5291	2834
1157	2835
6745	2836
2821	2837
7021	2838
1446	2839
947	2840
3806	2841
6791	2842
1966	2843
8234	2844
7054	2845
1838	2846
6014	2847
1901	2848
7568	2849
5070	2850
5144	2851
6659	2852
1699	2853
8870	2854
6331	2855
8582	2856
1497	2857
529	2858
1821	2859
526	2860
7050	2861
4640	2862
2408	2863
4838	2864
747	2865
6694	2866
7493	2867
9489	2868
1704	2869
629	2870
4974	2871
7611	2872
3482	2873
5148	2874
7953	2875
3234	2876
4438	2877
949	2878
7323	2879
4710	2880
6166	2881
5708	2882
1107	2883
1413	2884
1557	2885
2168	2886
4274	2887
7500	2888
260	2889
1188	2890
5370	2891
5621	2892
1667	2893
764	2894
4126	2895
5146	2896
3290	2897
7185	2898
1218	2899
203	2900
145	2901
8816	2902
9745	2903
3917	2904
968	2905
6200	2906
290	2907
714	2908
4804	2909
7191	2910
4927	2911
4763	2912
778	2913
6062	2914
5248	2915
9738	2916
6310	2917
6909	2918
9274	2919
8197	2920
6577	2921
9648	2922
6275	2923
885	2924
2977	2925
1881	2926
5748	2927
9555	2928
6088	2929
4681	2930
3648	2931
154	2932
3886	2933
1952	2934
2432	2935
9765	2936
6622	2937
8429	2938
2229	2939
6650	2940
1235	2941
1158	2942
448	2943
7829	2944
5622	2945
7506	2946
8029	2947
9634	2948
930	2949
8531	2950
2508	2951
493	2952
5783	2953
1094	2954
5088	2955
5387	2956
8423	2957
202	2958
9575	2959
1470	2960
6246	2961
1598	2962
214	2963
9172	2964
2767	2965
6249	2966
1356	2967
2445	2968
4934	2969
3613	2970
5367	2971
8277	2972
1417	2973
4401	2974
9481	2975
2885	2976
3588	2977
6635	2978
2556	2979
5132	2980
5115	2981
3575	2982
3688	2983
7801	2984
3685	2985
1338	2986
3353	2987
5143	2988
7778	2989
2264	2990
7709	2991
1855	2992
9616	2993
3209	2994
5997	2995
3812	2996
7728	2997
4	2998
797	2999
7797	3000
7761	3001
8252	3002
4559	3003
7096	3004
1542	3005
120	3006
4453	3007
1304	3008
7387	3009
3149	3010
9385	3011
4780	3012
1186	3013
2689	3014
8281	3015
8559	3016
8478	3017
6910	3018
3153	3019
56	3020
3080	3021
5906	3022
672	3023
5463	3024
7892	3025
4237	3026
1815	3027
4395	3028
4024	3029
8599	3030
3208	3031
4357	3032
8994	3033
2917	3034
8553	3035
4191	3036
6614	3037
1182	3038
8838	3039
2082	3040
1809	3041
8879	3042
4314	3043
9064	3044
148	3045
3829	3046
4155	3047
90	3048
2675	3049
4997	3050
2499	3051
4153	3052
8173	3053
6373	3054
5552	3055
5557	3056
889	3057
2745	3058
1267	3059
5461	3060
3111	3061
3505	3062
1905	3063
4183	3064
5509	3065
8085	3066
4053	3067
6053	3068
1419	3069
6212	3070
1887	3071
5700	3072
733	3073
2516	3074
1367	3075
9757	3076
9430	3077
1475	3078
5610	3079
7649	3080
9059	3081
5873	3082
3695	3083
2118	3084
6712	3085
8724	3086
7884	3087
4457	3088
5559	3089
6657	3090
9506	3091
9383	3092
1710	3093
7162	3094
8692	3095
8685	3096
7779	3097
1280	3098
1804	3099
4738	3100
8210	3101
3646	3102
9220	3103
8348	3104
6774	3105
4132	3106
5334	3107
8156	3108
4704	3109
1075	3110
1316	3111
2803	3112
4070	3113
1478	3114
7006	3115
3884	3116
6629	3117
9435	3118
8818	3119
1104	3120
4940	3121
5811	3122
15	3123
4692	3124
1254	3125
3013	3126
7477	3127
2617	3128
4850	3129
4984	3130
3533	3131
5686	3132
9187	3133
5054	3134
9847	3135
1249	3136
1692	3137
4527	3138
9850	3139
4060	3140
9154	3141
3636	3142
6089	3143
6117	3144
9237	3145
5235	3146
2492	3147
9161	3148
966	3149
3574	3150
8119	3151
5259	3152
6201	3153
9490	3154
2125	3155
4486	3156
3261	3157
9189	3158
9168	3159
8734	3160
9728	3161
4912	3162
1477	3163
837	3164
7469	3165
6749	3166
9747	3167
1269	3168
1268	3169
1029	3170
5710	3171
9353	3172
9612	3173
6689	3174
7330	3175
2703	3176
9778	3177
2513	3178
9443	3179
3237	3180
1835	3181
2736	3182
6803	3183
1626	3184
4177	3185
1741	3186
8025	3187
5231	3188
7240	3189
1383	3190
8865	3191
374	3192
8111	3193
648	3194
4798	3195
1375	3196
1554	3197
6341	3198
8930	3199
7216	3200
4455	3201
4081	3202
7486	3203
7657	3204
9199	3205
27	3206
5303	3207
9245	3208
9249	3209
5706	3210
5560	3211
8887	3212
9831	3213
5977	3214
2984	3215
5895	3216
8764	3217
9023	3218
5703	3219
866	3220
9581	3221
3	3222
4678	3223
7872	3224
894	3225
2743	3226
5569	3227
5665	3228
6814	3229
5514	3230
4421	3231
3178	3232
3360	3233
5145	3234
993	3235
1086	3236
9789	3237
2538	3238
5657	3239
2573	3240
3252	3241
8700	3242
5434	3243
1065	3244
251	3245
7463	3246
6303	3247
6898	3248
2807	3249
851	3250
3121	3251
783	3252
5362	3253
5364	3254
337	3255
7911	3256
1054	3257
9213	3258
7658	3259
6972	3260
7964	3261
1241	3262
4594	3263
8223	3264
9129	3265
9803	3266
6267	3267
8477	3268
2032	3269
5645	3270
2892	3271
2620	3272
3830	3273
6726	3274
5065	3275
8792	3276
5712	3277
8510	3278
4313	3279
7691	3280
5484	3281
750	3282
7692	3283
1847	3284
9144	3285
2645	3286
1634	3287
7998	3288
800	3289
5163	3290
9432	3291
9672	3292
8576	3293
4703	3294
1664	3295
6846	3296
8336	3297
1738	3298
6673	3299
9008	3300
9312	3301
2389	3302
3031	3303
346	3304
7634	3305
9488	3306
1342	3307
6459	3308
7811	3309
2678	3310
924	3311
5279	3312
2301	3313
9216	3314
7948	3315
9470	3316
2656	3317
4533	3318
2653	3319
3110	3320
7748	3321
8353	3322
4714	3323
8807	3324
9563	3325
3314	3326
2509	3327
2975	3328
9690	3329
5907	3330
4906	3331
2022	3332
7924	3333
259	3334
8055	3335
680	3336
2439	3337
5324	3338
589	3339
4235	3340
3148	3341
6428	3342
9386	3343
1283	3344
8735	3345
2369	3346
1000	3347
1685	3348
971	3349
9707	3350
6984	3351
8591	3352
1673	3353
1407	3354
1056	3355
4761	3356
1857	3357
4585	3358
5229	3359
6154	3360
2966	3361
4715	3362
7457	3363
5384	3364
8163	3365
5493	3366
2195	3367
8479	3368
3412	3369
4992	3370
2282	3371
3322	3372
2793	3373
4950	3374
3949	3375
6948	3376
7559	3377
6022	3378
9608	3379
1912	3380
975	3381
9408	3382
1862	3383
9579	3384
380	3385
2815	3386
5210	3387
5495	3388
9096	3389
9595	3390
5451	3391
9316	3392
9159	3393
7986	3394
1277	3395
6539	3396
5101	3397
7781	3398
1030	3399
9809	3400
745	3401
7166	3402
3661	3403
9438	3404
2629	3405
5443	3406
1201	3407
389	3408
98	3409
8296	3410
3537	3411
9214	3412
3015	3413
2160	3414
1067	3415
4642	3416
8321	3417
6406	3418
7585	3419
1206	3420
5112	3421
5294	3422
9433	3423
3730	3424
1091	3425
9561	3426
4814	3427
3623	3428
1619	3429
2942	3430
1216	3431
8467	3432
2302	3433
4768	3434
3315	3435
3308	3436
5658	3437
3395	3438
9601	3439
2207	3440
8731	3441
6845	3442
8374	3443
8078	3444
3865	3445
5532	3446
7849	3447
1563	3448
6152	3449
2356	3450
2564	3451
4962	3452
4392	3453
6601	3454
9139	3455
4937	3456
5266	3457
9267	3458
1647	3459
7186	3460
586	3461
7334	3462
5826	3463
5567	3464
4528	3465
4526	3466
4399	3467
7482	3468
3060	3469
5029	3470
515	3471
3529	3472
42	3473
9281	3474
8863	3475
8301	3476
8103	3477
795	3478
1185	3479
8221	3480
5151	3481
1303	3482
2039	3483
7794	3484
7296	3485
1942	3486
1610	3487
4857	3488
7202	3489
2886	3490
3407	3491
8257	3492
4939	3493
2848	3494
3731	3495
4480	3496
5003	3497
2682	3498
8	3499
2440	3500
1555	3501
5378	3502
3992	3503
6802	3504
8054	3505
6329	3506
1746	3507
9459	3508
6753	3509
4809	3510
5353	3511
7788	3512
4902	3513
7681	3514
4347	3515
6700	3516
3272	3517
4653	3518
5889	3519
4848	3520
7274	3521
7	3522
735	3523
2464	3524
987	3525
1076	3526
9309	3527
3151	3528
3438	3529
1422	3530
7206	3531
249	3532
3488	3533
9619	3534
7606	3535
7135	3536
1363	3537
437	3538
620	3539
618	3540
5820	3541
7143	3542
5490	3543
9564	3544
4577	3545
3786	3546
3017	3547
5507	3548
5641	3549
3637	3550
766	3551
2377	3552
4776	3553
291	3554
5089	3555
5116	3556
1918	3557
3381	3558
9686	3559
568	3560
2193	3561
860	3562
5947	3563
6638	3564
7364	3565
9194	3566
3275	3567
9810	3568
9396	3569
9381	3570
864	3571
6358	3572
3634	3573
1261	3574
7371	3575
1057	3576
5446	3577
1599	3578
4200	3579
7390	3580
2693	3581
4851	3582
8691	3583
2321	3584
3940	3585
2696	3586
8195	3587
2452	3588
7864	3589
14	3590
580	3591
1756	3592
8943	3593
3193	3594
1251	3595
6678	3596
998	3597
742	3598
2008	3599
1318	3600
1145	3601
5205	3602
8212	3603
5527	3604
4987	3605
2443	3606
7556	3607
884	3608
8499	3609
4206	3610
9484	3611
7944	3612
5592	3613
317	3614
5965	3615
1122	3616
1152	3617
6518	3618
900	3619
6969	3620
3198	3621
6624	3622
8492	3623
2585	3624
5899	3625
1789	3626
8743	3627
9211	3628
5160	3629
6490	3630
8668	3631
9594	3632
1788	3633
6628	3634
231	3635
7331	3636
5959	3637
1740	3638
1160	3639
4805	3640
6875	3641
7508	3642
6536	3643
5017	3644
5286	3645
6499	3646
6955	3647
181	3648
2396	3649
6296	3650
7812	3651
6333	3652
52	3653
4646	3654
3091	3655
4284	3656
6843	3657
8784	3658
9696	3659
3370	3660
36	3661
6192	3662
33	3663
1990	3664
7654	3665
7822	3666
8899	3667
8954	3668
8962	3669
7790	3670
4669	3671
2375	3672
2067	3673
1680	3674
3990	3675
601	3676
9544	3677
6482	3678
2232	3679
7217	3680
5158	3681
7357	3682
9545	3683
7410	3684
8357	3685
9806	3686
4461	3687
5083	3688
4404	3689
9832	3690
4325	3691
9011	3692
1209	3693
6513	3694
2819	3695
6691	3696
6135	3697
3437	3698
4181	3699
392	3700
3426	3701
7354	3702
2935	3703
8980	3704
8597	3705
3746	3706
3260	3707
6872	3708
473	3709
4993	3710
7855	3711
4589	3712
5571	3713
2936	3714
4472	3715
7988	3716
6156	3717
4437	3718
579	3719
7175	3720
4626	3721
6328	3722
2989	3723
5716	3724
762	3725
6300	3726
310	3727
9366	3728
3861	3729
923	3730
2094	3731
2825	3732
1943	3733
7303	3734
8099	3735
8058	3736
7043	3737
6860	3738
1496	3739
4708	3740
3747	3741
8596	3742
7168	3743
6048	3744
41	3745
6176	3746
6869	3747
8160	3748
7796	3749
271	3750
2101	3751
3577	3752
1149	3753
7039	3754
5225	3755
3521	3756
7121	3757
2387	3758
7707	3759
8169	3760
1970	3761
8653	3762
6632	3763
7028	3764
4011	3765
4010	3766
6235	3767
7879	3768
1066	3769
9751	3770
686	3771
67	3772
5223	3773
7622	3774
1969	3775
1709	3776
2540	3777
3913	3778
6119	3779
9344	3780
536	3781
123	3782
6326	3783
1805	3784
5850	3785
2969	3786
744	3787
6421	3788
1049	3789
8072	3790
94	3791
8456	3792
8151	3793
8708	3794
8595	3795
2733	3796
3787	3797
7554	3798
4020	3799
8573	3800
6461	3801
8260	3802
3756	3803
3374	3804
1562	3805
6893	3806
8063	3807
1765	3808
1689	3809
6094	3810
6118	3811
3954	3812
2206	3813
1322	3814
5073	3815
6940	3816
9044	3817
5453	3818
3046	3819
383	3820
4023	3821
93	3822
5195	3823
8715	3824
2346	3825
728	3826
9437	3827
9632	3828
287	3829
9592	3830
6229	3831
2431	3832
8536	3833
4546	3834
1341	3835
548	3836
1301	3837
9502	3838
3158	3839
1328	3840
4481	3841
8538	3842
2770	3843
4592	3844
468	3845
8828	3846
8888	3847
7842	3848
1058	3849
2227	3850
3030	3851
8537	3852
4247	3853
1223	3854
7514	3855
1240	3856
3972	3857
9118	3858
3491	3859
9464	3860
31	3861
1890	3862
1071	3863
3744	3864
521	3865
7721	3866
3875	3867
6311	3868
5219	3869
6215	3870
1550	3871
5980	3872
1879	3873
5819	3874
948	3875
8397	3876
6988	3877
5770	3878
6963	3879
7574	3880
4418	3881
2414	3882
6182	3883
4252	3884
5938	3885
3477	3886
5999	3887
9462	3888
7458	3889
1932	3890
741	3891
8165	3892
9145	3893
9617	3894
1982	3895
5406	3896
4101	3897
637	3898
2326	3899
8515	3900
9331	3901
7933	3902
7018	3903
7702	3904
7065	3905
8532	3906
7488	3907
4276	3908
6369	3909
8067	3910
5339	3911
9476	3912
8753	3913
2713	3914
4409	3915
7335	3916
5	3917
4097	3918
8305	3919
2081	3920
3515	3921
7111	3922
6701	3923
4773	3924
427	3925
1896	3926
327	3927
1705	3928
7623	3929
980	3930
8675	3931
4617	3932
5470	3933
6063	3934
7434	3935
7571	3936
3831	3937
6362	3938
7926	3939
2057	3940
9311	3941
1570	3942
5109	3943
3530	3944
6131	3945
8876	3946
7817	3947
7565	3948
339	3949
1374	3950
6446	3951
8372	3952
6	3953
5050	3954
3398	3955
5258	3956
921	3957
3692	3958
940	3959
6199	3960
8841	3961
5618	3962
5042	3963
9382	3964
5368	3965
9593	3966
759	3967
4025	3968
8270	3969
6086	3970
2112	3971
6619	3972
2199	3973
8297	3974
6204	3975
8566	3976
9163	3977
4168	3978
5926	3979
1814	3980
9184	3981
8272	3982
8806	3983
8390	3984
1897	3985
1415	3986
8488	3987
8736	3988
5536	3989
5407	3990
99	3991
9268	3992
3235	3993
5543	3994
3176	3995
3905	3996
167	3997
730	3998
1694	3999
5914	4000
3578	4001
9137	4002
1656	4003
7067	4004
6907	4005
4417	4006
4737	4007
8766	4008
4102	4009
5944	4010
2385	4011
913	4012
5702	4013
9491	4014
9106	4015
6542	4016
4196	4017
1695	4018
7155	4019
2074	4020
4960	4021
7839	4022
49	4023
2937	4024
9465	4025
1552	4026
2090	4027
4365	4028
9308	4029
9578	4030
4725	4031
784	4032
1146	4033
8944	4034
6522	4035
4954	4036
4108	4037
8919	4038
5927	4039
4294	4040
9503	4041
7621	4042
2901	4043
8500	4044
9551	4045
7552	4046
7207	4047
6664	4048
8490	4049
7103	4050
2720	4051
670	4052
9338	4053
212	4054
7226	4055
4846	4056
245	4057
4203	4058
2071	4059
8126	4060
252	4061
811	4062
2399	4063
4909	4064
4556	4065
264	4066
1137	4067
2999	4068
9391	4069
3328	4070
6578	4071
7238	4072
9070	4073
3245	4074
3424	4075
3921	4076
9105	4077
1279	4078
9208	4079
3966	4080
247	4081
6114	4082
2163	4083
1134	4084
8460	4085
7195	4086
4520	4087
7370	4088
4547	4089
1825	4090
8294	4091
909	4092
1962	4093
8485	4094
3874	4095
1482	4096
1972	4097
5591	4098
9764	4099
5699	4100
7557	4101
3444	4102
1959	4103
3678	4104
109	4105
82	4106
3288	4107
9261	4108
4059	4109
3051	4110
534	4111
4330	4112
3	4113
4093	4114
4393	4115
1637	4116
4308	4117
3085	4118
1737	4119
5435	4120
8516	4121
3852	4122
4670	4123
7729	4124
6435	4125
829	4126
7315	4127
7689	4128
6418	4129
2494	4130
4182	4131
4882	4132
4394	4133
6821	4134
3463	4135
302	4136
4778	4137
2575	4138
6186	4139
1614	4140
5545	4141
3126	4142
4996	4143
2316	4144
4390	4145
2190	4146
5803	4147
5767	4148
1082	4149
8891	4150
320	4151
348	4152
2324	4153
8225	4154
1949	4155
7255	4156
1868	4157
5045	4158
313	4159
6502	4160
2147	4161
8630	4162
4545	4163
3363	4164
5742	4165
7575	4166
4694	4167
7372	4168
1453	4169
7979	4170
6640	4171
3925	4172
4522	4173
5989	4174
8699	4175
470	4176
4137	4177
8822	4178
4054	4179
7745	4180
266	4181
276	4182
1259	4183
691	4184
7887	4185
3741	4186
6567	4187
331	4188
1127	4189
6582	4190
5047	4191
4844	4192
1237	4193
4550	4194
9472	4195
4539	4196
4514	4197
9232	4198
6697	4199
2769	4200
8765	4201
9630	4202
8196	4203
2234	4204
9767	4205
5066	4206
3069	4207
5723	4208
3547	4209
2392	4210
3772	4211
6762	4212
8872	4213
9620	4214
4784	4215
9741	4216
5724	4217
35	4218
5249	4219
278	4220
8031	4221
9857	4222
3215	4223
4065	4224
2671	4225
135	4226
5515	4227
8039	4228
6026	4229
4442	4230
4687	4231
306	4232
6560	4233
5404	4234
1906	4235
6312	4236
5891	4237
5596	4238
83	4239
6345	4240
8065	4241
4468	4242
5497	4243
6292	4244
8772	4245
2717	4246
2276	4247
7594	4248
7625	4249
6445	4250
2194	4251
3594	4252
8840	4253
5663	4254
7069	4255
2410	4256
1624	4257
1739	4258
4684	4259
5399	4260
5023	4261
7993	4262
8208	4263
3897	4264
2884	4265
6911	4266
1390	4267
97	4268
7425	4269
2025	4270
4396	4271
2679	4272
6810	4273
2756	4274
906	4275
9289	4276
6617	4277
2910	4278
1526	4279
855	4280
1950	4281
3545	4282
7194	4283
5039	4284
4508	4285
34	4286
1948	4287
8146	4288
3371	4289
50	4290
2755	4291
1528	4292
1937	4293
7189	4294
7460	4295
50	4296
5289	4297
2899	4298
6769	4299
2839	4300
6766	4301
916	4302
6247	4303
5720	4304
8421	4305
5701	4306
6043	4307
1604	4308
8230	4309
3890	4310
5694	4311
5714	4312
2994	4313
5818	4314
877	4315
3750	4316
8232	4317
4506	4318
1381	4319
2979	4320
8114	4321
5375	4322
897	4323
9294	4324
9047	4325
4441	4326
2919	4327
4541	4328
6319	4329
3004	4330
7720	4331
2602	4332
1345	4333
1581	4334
9006	4335
3550	4336
7312	4337
4712	4338
3899	4339
5381	4340
1172	4341
1534	4342
7765	4343
3164	4344
5564	4345
9519	4346
3291	4347
9591	4348
2574	4349
2335	4350
9364	4351
4797	4352
3361	4353
5630	4354
2329	4355
7118	4356
2320	4357
9212	4358
3644	4359
3961	4360
4830	4361
2393	4362
2861	4363
5929	4364
5371	4365
4210	4366
2030	4367
8273	4368
5719	4369
1305	4370
5675	4371
180	4372
4073	4373
4167	4374
9455	4375
5330	4376
1640	4377
7859	4378
2005	4379
8309	4380
4605	4381
7277	4382
2931	4383
7298	4384
3053	4385
6404	4386
651	4387
3674	4388
9304	4389
2642	4390
3020	4391
1222	4392
9024	4393
5107	4394
9584	4395
5092	4396
8957	4397
5683	4398
309	4399
8640	4400
2338	4401
1489	4402
2182	4403
1020	4404
7638	4405
5318	4406
9646	4407
8344	4408
111	4409
7956	4410
200	4411
6002	4412
5939	4413
5005	4414
9633	4415
9531	4416
2536	4417
8786	4418
4356	4419
2669	4420
3247	4421
9688	4422
882	4423
8945	4424
2217	4425
7104	4426
7253	4427
2341	4428
2599	4429
2486	4430
6007	4431
1700	4432
2433	4433
1244	4434
3895	4435
1616	4436
4139	4437
707	4438
9358	4439
5913	4440
4435	4441
9421	4442
4767	4443
8415	4444
5807	4445
221	4446
7646	4447
2799	4448
5475	4449
9045	4450
4008	4451
4015	4452
6335	4453
7177	4454
5175	4455
3001	4456
961	4457
9022	4458
4502	4459
2945	4460
9621	4461
7939	4462
1434	4463
4792	4464
5208	4465
4822	4466
1451	4467
7903	4468
768	4469
8970	4470
6383	4471
6877	4472
2964	4473
6576	4474
8805	4475
6467	4476
8265	4477
8036	4478
1684	4479
7309	4480
4391	4481
5730	4482
5341	4483
4752	4484
2078	4485
8814	4486
7507	4487
2012	4488
4881	4489
6743	4490
8393	4491
244	4492
2084	4493
6120	4494
8224	4495
6627	4496
5510	4497
7983	4498
4894	4499
1551	4500
2913	4501
1549	4502
4536	4503
9556	4504
4026	4505
7392	4506
7608	4507
5609	4508
7626	4509
4953	4510
694	4511
4033	4512
4249	4513
2355	4514
2468	4515
1564	4516
3097	4517
7572	4518
8251	4519
5796	4520
6398	4521
3285	4522
5264	4523
7823	4524
3057	4525
3327	4526
9796	4527
5319	4528
4366	4529
1005	4530
9180	4531
8661	4532
2566	4533
7248	4534
8333	4535
1641	4536
1164	4537
9801	4538
8400	4539
6797	4540
4406	4541
1044	4542
3190	4543
9497	4544
5780	4545
8825	4546
5520	4547
6604	4548
6149	4549
6072	4550
1452	4551
1675	4552
4965	4553
3621	4554
6565	4555
1535	4556
6107	4557
2230	4558
4193	4559
2342	4560
685	4561
3514	4562
4743	4563
6116	4564
9625	4565
8437	4566
1759	4567
7271	4568
7965	4569
6480	4570
4618	4571
7115	4572
6044	4573
3453	4574
2211	4575
8458	4576
5087	4577
4446	4578
6713	4579
8616	4580
3401	4581
9041	4582
9334	4583
1894	4584
6962	4585
8150	4586
6851	4587
3055	4588
8911	4589
4579	4590
7438	4591
1130	4592
1596	4593
422	4594
3738	4595
2437	4596
4194	4597
3253	4598
5840	4599
3295	4600
1882	4601
6185	4602
5835	4603
9313	4604
936	4605
3273	4606
3224	4607
2146	4608
9790	4609
8756	4610
9042	4611
8174	4612
3847	4613
7293	4614
1484	4615
6687	4616
8276	4617
9784	4618
2707	4619
2077	4620
4063	4621
5870	4622
1332	4623
4420	4624
8892	4625
5715	4626
8248	4627
4307	4628
9230	4629
3993	4630
3466	4631
9241	4632
9247	4633
3016	4634
7870	4635
5979	4636
9016	4637
763	4638
2588	4639
8280	4640
4897	4641
8207	4642
2127	4643
5531	4644
807	4645
3320	4646
8471	4647
7016	4648
4567	4649
2497	4650
188	4651
2868	4652
4979	4653
5607	4654
1132	4655
6434	4656
3726	4657
1126	4658
1102	4659
4865	4660
5801	4661
9384	4662
6417	4663
75	4664
5533	4665
419	4666
1505	4667
4215	4668
408	4669
142	4670
4134	4671
9082	4672
1257	4673
3857	4674
59	4675
5096	4676
418	4677
1913	4678
740	4679
4142	4680
5075	4681
1678	4682
8845	4683
2466	4684
9676	4685
6420	4686
369	4687
5350	4688
6334	4689
4403	4690
3146	4691
8476	4692
7820	4693
1357	4694
350	4695
3265	4696
2292	4697
3705	4698
6230	4699
4169	4700
101	4701
6012	4702
540	4703
7810	4704
69	4705
3316	4706
4258	4707
2201	4708
7046	4709
2148	4710
2517	4711
7533	4712
4772	4713
6359	4714
9424	4715
3334	4716
1541	4717
4271	4718
4935	4719
2477	4720
5359	4721
2	4722
4152	4723
3325	4724
683	4725
8934	4726
738	4727
177	4728
8803	4729
9111	4730
2238	4731
5950	4732
8426	4733
9235	4734
4445	4735
4074	4736
7160	4737
803	4738
7499	4739
7804	4740
6205	4741
4933	4742
8053	4743
5661	4744
6083	4745
483	4746
959	4747
3569	4748
103	4749
9724	4750
6945	4751
2960	4752
6515	4753
2925	4754
4917	4755
3898	4756
5469	4757
1070	4758
6307	4759
6093	4760
9049	4761
7176	4762
627	4763
8941	4764
9677	4765
1195	4766
4338	4767
6281	4768
5563	4769
3077	4770
7592	4771
7338	4772
2250	4773
5454	4774
3271	4775
4651	4776
5366	4777
5952	4778
3777	4779
8042	4780
3757	4781
4926	4782
6858	4783
7225	4784
8364	4785
1292	4786
3540	4787
6570	4788
3568	4789
2603	4790
455	4791
5654	4792
6751	4793
1670	4794
7909	4795
1593	4796
4558	4797
9758	4798
229	4799
4353	4800
4485	4801
3792	4802
1403	4803
61	4804
7071	4805
3924	4806
122	4807
2980	4808
8115	4809
4895	4810
4758	4811
4856	4812
5671	4813
9804	4814
597	4815
2214	4816
7904	4817
5104	4818
1099	4819
5004	4820
7828	4821
107	4822
1768	4823
581	4824
2661	4825
824	4826
4245	4827
6660	4828
663	4829
510	4830
9388	4831
1290	4832
1377	4833
8121	4834
4076	4835
8900	4836
6681	4837
8006	4838
357	4839
6073	4840
8588	4841
8682	4842
2444	4843
4924	4844
4310	4845
303	4846
914	4847
9513	4848
1147	4849
8649	4850
7450	4851
7249	4852
4331	4853
1665	4854
9227	4855
9613	4856
2616	4857
771	4858
65	4859
1343	4860
5327	4861
7645	4862
7915	4863
2235	4864
8411	4865
4686	4866
2325	4867
454	4868
4452	4869
48	4870
4977	4871
7329	4872
1632	4873
2601	4874
9542	4875
7826	4876
7989	4877
7917	4878
4197	4879
412	4880
4847	4881
1105	4882
6685	4883
6525	4884
4032	4885
1660	4886
413	4887
8465	4888
6575	4889
8932	4890
9303	4891
1360	4892
3790	4893
1002	4894
8785	4895
1514	4896
8819	4897
8808	4898
2426	4899
1930	4900
7741	4901
3559	4902
6087	4903
2866	4904
8367	4905
6168	4906
8529	4907
9444	4908
3789	4909
5851	4910
5673	4911
7003	4912
2176	4913
2136	4914
8916	4915
9699	4916
8081	4917
513	4918
8330	4919
6366	4920
1214	4921
314	4922
4885	4923
7918	4924
6322	4925
5885	4926
6280	4927
4212	4928
7896	4929
9805	4930
1156	4931
1034	4932
4783	4933
4889	4934
9501	4935
3331	4936
3415	4937
5028	4938
7464	4939
6127	4940
3810	4941
1285	4942
70	4943
2879	4944
6800	4945
6301	4946
4352	4947
1783	4948
9032	4949
3502	4950
7396	4951
9092	4952
5110	4953
7284	4954
4187	4955
9395	4956
9	4957
465	4958
4507	4959
9700	4960
5129	4961
186	4962
4077	4963
4318	4964
8643	4965
7428	4966
4175	4967
6370	4968
5549	4969
7955	4970
382	4971
6960	4972
9182	4973
1203	4974
8366	4975
6495	4976
4080	4977
9033	4978
4970	4979
801	4980
7181	4981
5830	4982
1306	4983
2754	4984
3465	4985
3025	4986
8673	4987
4867	4988
7158	4989
2263	4990
3420	4991
460	4992
8725	4993
6521	4994
8590	4995
4825	4996
5179	4997
9599	4998
1525	4999
1462	5000
4923	5001
1533	5002
7758	5003
7461	5004
7636	5005
442	5006
543	5007
297	5008
9868	5009
2529	5010
2310	5011
1432	5012
87	5013
5320	5014
1133	5015
3974	5016
72	5017
665	5018
7497	5019
7234	5020
5677	5021
2216	5022
673	5023
2630	5024
6056	5025
1026	5026
7452	5027
1823	5028
7266	5029
7604	5030
6983	5031
5918	5032
7957	5033
989	5034
6777	5035
8253	5036
5886	5037
7975	5038
8968	5039
8961	5040
8436	5041
6162	5042
199	5043
7586	5044
6728	5045
1017	5046
3464	5047
7397	5048
6045	5049
5198	5050
1921	5051
823	5052
9362	5053
5479	5054
5478	5055
4269	5056
3501	5057
6926	5058
8877	5059
5121	5060
4891	5061
6778	5062
5295	5063
5894	5064
2020	5065
2187	5066
5972	5067
7882	5068
7227	5069
2553	5070
8882	5071
3971	5072
2055	5073
6431	5074
5153	5075
6990	5076
5908	5077
8409	5078
1799	5079
6000	5080
6973	5081
1865	5082
582	5083
4225	5084
7435	5085
1885	5086
57	5087
9149	5088
5937	5089
3734	5090
1922	5091
6881	5092
550	5093
143	5094
6997	5095
1755	5096
1620	5097
9282	5098
2686	5099
32	5100
3862	5101
9566	5102
4538	5103
8811	5104
1032	5105
9034	5106
8767	5107
832	5108
3064	5109
4267	5110
9120	5111
431	5112
3359	5113
6979	5114
4337	5115
7776	5116
6385	5117
6477	5118
6003	5119
4427	5120
4316	5121
4176	5122
524	5123
140	5124
9116	5125
7292	5126
9109	5127
7049	5128
9845	5129
4311	5130
7045	5131
7015	5132
4264	5133
1061	5134
1584	5135
6081	5136
5773	5137
9291	5138
4304	5139
7235	5140
3951	5141
3656	5142
2061	5143
3944	5144
4048	5145
2198	5146
6830	5147
770	5148
5829	5149
1011	5150
351	5151
8771	5152
8172	5153
1636	5154
7504	5155
4433	5156
3739	5157
387	5158
8131	5159
633	5160
5962	5161
5218	5162
9054	5163
5565	5164
5009	5165
1538	5166
197	5167
6259	5168
6631	5169
2041	5170
4560	5171
3428	5172
8354	5173
7495	5174
5199	5175
1687	5176
2855	5177
9103	5178
9654	5179
1406	5180
5345	5181
6238	5182
6987	5183
9808	5184
5296	5185
8693	5186
7740	5187
5184	5188
2388	5189
9377	5190
4220	5191
577	5192
4742	5193
4476	5194
5993	5195
952	5196
5821	5197
5243	5198
815	5199
2237	5200
7220	5201
2260	5202
4298	5203
7722	5204
6279	5205
2732	5206
4251	5207
8594	5208
3942	5209
8289	5210
2044	5211
7131	5212
2595	5213
3392	5214
2763	5215
6771	5216
3749	5217
1883	5218
2759	5219
7246	5220
6145	5221
4496	5222
2049	5223
2631	5224
9273	5225
3035	5226
6569	5227
6109	5228
5858	5229
2882	5230
8985	5231
5653	5232
7757	5233
852	5234
6254	5235
1272	5236
1387	5237
8850	5238
7252	5239
3732	5240
5568	5241
1754	5242
6486	5243
3538	5244
1476	5245
6721	5246
9177	5247
8997	5248
2178	5249
8378	5250
7770	5251
7404	5252
3067	5253
2365	5254
9056	5255
9394	5256
5448	5257
1736	5258
1093	5259
29	5260
2609	5261
3572	5262
6516	5263
3614	5264
6544	5265
9264	5266
2169	5267
8205	5268
4530	5269
7501	5270
7223	5271
5007	5272
525	5273
4855	5274
1200	5275
1956	5276
3229	5277
9735	5278
5241	5279
5500	5280
9779	5281
3241	5282
3729	5283
6722	5284
5685	5285
4221	5286
5284	5287
4224	5288
4624	5289
5064	5290
44	5291
5506	5292
8570	5293
7174	5294
2654	5295
3283	5296
9687	5297
4685	5298
6178	5299
706	5300
1319	5301
17	5302
2015	5303
848	5304
3088	5305
1721	5306
7513	5307
6794	5308
3074	5309
1874	5310
2394	5311
2354	5312
1782	5313
9347	5314
8495	5315
3350	5316
7688	5317
94	5318
5074	5319
3805	5320
9841	5321
5825	5322
4082	5323
2441	5324
5517	5325
8351	5326
9051	5327
5474	5328
8271	5329
4117	5330
3833	5331
1512	5332
8201	5333
1769	5334
89	5335
1749	5336
4490	5337
7946	5338
4493	5339
3014	5340
2240	5341
5768	5342
1646	5343
4864	5344
9772	5345
6282	5346
8884	5347
2034	5348
64	5349
5230	5350
3418	5351
9009	5352
4041	5353
1079	5354
3	5355
6468	5356
6288	5357
985	5358
2204	5359
9197	5360
3743	5361
7427	5362
4665	5363
3742	5364
7512	5365
4091	5366
5877	5367
2226	5368
110	5369
4265	5370
7711	5371
1274	5372
9742	5373
5982	5374
1900	5375
7441	5376
5864	5377
8843	5378
3419	5379
8991	5380
5256	5381
7080	5382
1288	5383
2333	5384
7403	5385
9278	5386
9131	5387
5095	5388
1459	5389
8442	5390
7022	5391
1144	5392
8802	5393
2245	5394
1308	5395
621	5396
6412	5397
6902	5398
46	5399
7167	5400
2045	5401
9569	5402
7431	5403
8306	5404
3936	5405
1785	5406
113	5407
7999	5408
1997	5409
5429	5410
6500	5411
7582	5412
5649	5413
1210	5414
8966	5415
941	5416
8521	5417
3203	5418
172	5419
3609	5420
5734	5421
8713	5422
2121	5423
7140	5424
5833	5425
8489	5426
9813	5427
2115	5428
1467	5429
1355	5430
7090	5431
1994	5432
6870	5433
9582	5434
7286	5435
2091	5436
7549	5437
9864	5438
1591	5439
7976	5440
3222	5441
1455	5442
5215	5443
9403	5444
1253	5445
2447	5446
5555	5447
225	5448
6355	5449
8328	5450
6696	5451
9668	5452
2598	5453
6013	5454
4494	5455
1854	5456
9817	5457
6889	5458
4519	5459
1892	5460
4672	5461
2993	5462
7850	5463
4590	5464
4647	5465
3364	5466
644	5467
9138	5468
2472	5469
945	5470
1095	5471
1565	5472
4537	5473
559	5474
5060	5475
6715	5476
833	5477
1245	5478
3306	5479
9085	5480
7698	5481
6337	5482
5394	5483
880	5484
5172	5485
6776	5486
2281	5487
3736	5488
5846	5489
7351	5490
9548	5491
9200	5492
5943	5493
8585	5494
3357	5495
4398	5496
2973	5497
780	5498
3445	5499
7995	5500
9337	5501
8066	5502
4730	5503
3632	5504
58	5505
6491	5506
362	5507
2881	5508
2058	5509
8342	5510
2552	5511
3735	5512
80	5513
7704	5514
4248	5515
1347	5516
4769	5517
1064	5518
6150	5519
1928	5520
3620	5521
1772	5522
1760	5523
2370	5524
8563	5525
6465	5526
4462	5527
4350	5528
5456	5529
1046	5530
5141	5531
433	5532
9029	5533
4436	5534
2795	5535
210	5536
1627	5537
1983	5538
4551	5539
9605	5540
449	5541
8168	5542
9125	5543
925	5544
5415	5545
8259	5546
9407	5547
114	5548
8837	5549
2420	5550
59	5551
6865	5552
2450	5553
2181	5554
3881	5555
9674	5556
951	5557
9243	5558
6620	5559
8382	5560
6698	5561
3339	5562
8737	5563
3317	5564
1824	5565
6028	5566
5427	5567
5452	5568
8469	5569
1723	5570
7376	5571
6318	5572
4456	5573
6648	5574
6591	5575
8648	5576
2983	5577
1205	5578
2850	5579
6866	5580
2590	5581
9040	5582
3204	5583
9167	5584
9861	5585
1778	5586
7032	5587
8508	5588
2139	5589
1112	5590
5305	5591
5238	5592
5369	5593
4839	5594
71	5595
5771	5596
4146	5597
5966	5598
7984	5599
4853	5600
2336	5601
2592	5602
3850	5603
4808	5604
438	5605
7537	5606
5882	5607
7960	5608
8007	5609
638	5610
8181	5611
134	5612
2579	5613
9498	5614
5419	5615
7447	5616
8493	5617
4263	5618
9119	5619
4430	5620
9393	5621
1686	5622
9310	5623
9341	5624
2421	5625
3871	5626
7064	5627
3548	5628
430	5629
8043	5630
8993	5631
1321	5632
514	5633
3816	5634
8612	5635
1722	5636
1863	5637
5314	5638
5798	5639
9417	5640
1777	5641
2543	5642
7891	5643
4795	5644
4641	5645
1866	5646
6737	5647
4407	5648
1583	5649
8362	5650
1830	5651
6961	5652
1853	5653
5097	5654
5032	5655
7511	5656
6295	5657
3773	5658
8757	5659
333	5660
1590	5661
3616	5662
4568	5663
7070	5664
1848	5665
5315	5666
6018	5667
4600	5668
8924	5669
2079	5670
8275	5671
4106	5672
5298	5673
85	5674
4218	5675
505	5676
1648	5677
598	5678
4111	5679
3950	5680
9087	5681
3462	5682
2687	5683
2938	5684
376	5685
8171	5686
7267	5687
82	5688
4250	5689
856	5690
4136	5691
3931	5692
9468	5693
5836	5694
5561	5695
8929	5696
3165	5697
7619	5698
7009	5699
95	5700
5377	5701
6389	5702
4597	5703
6061	5704
5847	5705
3344	5706
4834	5707
4105	5708
8826	5709
55	5710
6496	5711
9574	5712
3383	5713
3596	5714
9196	5715
2038	5716
1037	5717
7236	5718
5354	5719
4852	5720
6789	5721
2463	5722
4439	5723
2446	5724
8284	5725
5930	5726
4576	5727
61	5728
4129	5729
3471	5730
8314	5731
2705	5732
7553	5733
3841	5734
6812	5735
4879	5736
4674	5737
587	5738
4297	5739
60	5740
9203	5741
2644	5742
4705	5743
4121	5744
3522	5745
9660	5746
316	5747
6615	5748
8112	5749
6010	5750
2122	5751
2459	5752
1635	5753
8604	5754
1837	5755
7053	5756
6809	5757
3238	5758
8076	5759
8347	5760
3163	5761
7302	5762
9855	5763
1423	5764
5206	5765
5306	5766
410	5767
7355	5768
7927	5769
7326	5770
5150	5771
7856	5772
2506	5773
6271	5774
9577	5775
7133	5776
1979	5777
7655	5778
6348	5779
5915	5780
1317	5781
2209	5782
295	5783
4376	5784
9372	5785
3985	5786
3037	5787
5390	5788
8505	5789
8603	5790
4280	5791
4022	5792
2725	5793
5487	5794
1860	5795
7530	5796
7898	5797
5572	5798
4598	5799
721	5800
2359	5801
6554	5802
6608	5803
1006	5804
8534	5805
6219	5806
8703	5807
9380	5808
1447	5809
6125	5810
9422	5811
2843	5812
664	5813
7183	5814
4523	5815
6747	5816
4178	5817
5228	5818
996	5819
1880	5820
7412	5821
5731	5822
466	5823
9445	5824
8847	5825
8609	5826
55	5827
6294	5828
8613	5829
4205	5830
1380	5831
5386	5832
5053	5833
4572	5834
458	5835
7276	5836
1368	5837
2048	5838
1719	5839
8504	5840
609	5841
5183	5842
342	5843
6572	5844
7048	5845
4216	5846
7154	5847
1923	5848
920	5849
7418	5850
6430	5851
9046	5852
4084	5853
8231	5854
2915	5855
1691	5856
2409	5857
7152	5858
2531	5859
5737	5860
184	5861
16	5862
6206	5863
7841	5864
6807	5865
7336	5866
7677	5867
5942	5868
8550	5869
35	5870
8424	5871
6844	5872
2903	5873
1690	5874
4690	5875
3523	5876
9705	5877
571	5878
7705	5879
1168	5880
3573	5881
1586	5882
7349	5883
9244	5884
5090	5885
359	5886
7827	5887
4898	5888
1773	5889
2353	5890
26	5891
4525	5892
8021	5893
6017	5894
7291	5895
6498	5896
4744	5897
8579	5898
9201	5899
5251	5900
1198	5901
6952	5902
789	5903
3304	5904
1189	5905
7142	5906
4072	5907
9275	5908
204	5909
2800	5910
3399	5911
7723	5912
7548	5913
70	5914
45	5915
76	5916
7807	5917
2021	5918
6009	5919
7725	5920
1150	5921
5015	5922
6540	5923
2029	5924
2528	5925
804	5926
5290	5927
3460	5928
79	5929
9307	5930
7785	5931
7531	5932
1501	5933
5648	5934
4609	5935
5356	5936
4827	5937
8147	5938
40	5939
3663	5940
8206	5941
5853	5942
3602	5943
9461	5944
9666	5945
1651	5946
6469	5947
7727	5948
9248	5949
6384	5950
7061	5951
9712	5952
6336	5953
4875	5954
737	5955
3307	5956
1608	5957
5293	5958
6352	5959
6261	5960
3560	5961
6915	5962
3524	5963
7542	5964
8655	5965
8083	5966
7938	5967
6557	5968
4706	5969
3910	5970
3581	5971
9335	5972
7502	5973
2402	5974
1204	5975
3534	5976
4869	5977
3947	5978
2971	5979
7147	5980
8462	5981
2760	5982
7475	5983
9776	5984
5253	5985
4283	5986
7345	5987
1522	5988
232	5989
8304	5990
3542	5991
3107	5992
6194	5993
74	5994
1486	5995
3503	5996
8461	5997
498	5998
1938	5999
3697	6000
9458	6001
8526	6002
5981	6003
1438	6004
1914	6005
4447	6006
8322	6007
3239	6008
5270	6009
9507	6010
8133	6011
2308	6012
1325	6013
3771	6014
2827	6015
5740	6016
3472	6017
9236	6018
1047	6019
275	6020
8003	6021
9628	6022
51	6023
6505	6024
5247	6025
1953	6026
6227	6027
2692	6028
9246	6029
9302	6030
8337	6031
9746	6032
4345	6033
2013	6034
8487	6035
8149	6036
4938	6037
9271	6038
2052	6039
2051	6040
8202	6041
7398	6042
7030	6043
7038	6044
7415	6045
5316	6046
5707	6047
3205	6048
3159	6049
7798	6050
9133	6051
3202	6052
3026	6053
7844	6054
189	6055
4644	6056
358	6057
4236	6058
9356	6059
6527	6060
7813	6061
9410	6062
6986	6063
6532	6064
8185	6065
5220	6066
4807	6067
5884	6068
8449	6069
8770	6070
428	6071
3289	6072
5637	6073
907	6074
564	6075
6541	6076
3019	6077
2490	6078
3769	6079
8592	6080
5973	6081
1229	6082
2702	6083
9346	6084
8216	6085
2842	6086
6811	6087
6510	6088
3431	6089
682	6090
371	6091
5994	6092
4348	6093
1183	6094
3929	6095
1574	6096
3018	6097
982	6098
6783	6099
7981	6100
5867	6101
781	6102
3866	6103
1954	6104
5931	6105
6682	6106
6402	6107
7169	6108
5051	6109
4656	6110
2228	6111
6457	6112
2897	6113
1326	6114
8340	6115
1055	6116
8871	6117
272	6118
2893	6119
4916	6120
623	6121
4689	6122
658	6123
2940	6124
1547	6125
1331	6126
1870	6127
4824	6128
4861	6129
7963	6130
4552	6131
9251	6132
7089	6133
4419	6134
3758	6135
9754	6136
3531	6137
2285	6138
8874	6139
5522	6140
6806	6141
2434	6142
239	6143
3721	6144
3722	6145
3838	6146
6977	6147
9263	6148
6440	6149
4222	6150
6793	6151
6779	6152
5672	6153
3281	6154
194	6155
2690	6156
3519	6157
8709	6158
6175	6159
2797	6160
509	6161
705	6162
6349	6163
6658	6164
3676	6165
9360	6166
3098	6167
7751	6168
9151	6169
7359	6170
4064	6171
2643	6172
4202	6173
7673	6174
4244	6175
1408	6176
6652	6177
5958	6178
8092	6179
7099	6180
2018	6181
7137	6182
5554	6183
1119	6184
1515	6185
3059	6186
7987	6187
2965	6188
1113	6189
4219	6190
6029	6191
6172	6192
3406	6193
2315	6194
2314	6195
4828	6196
5154	6197
9052	6198
6339	6199
3956	6200
8541	6201
5643	6202
3062	6203
2493	6204
7436	6205
2251	6206
6603	6207
7535	6208
3086	6209
447	6210
8746	6211
1428	6212
2880	6213
1967	6214
1539	6215
5086	6216
9093	6217
5786	6218
7536	6219
3864	6220
9284	6221
9285	6222
9283	6223
712	6224
5147	6225
8019	6226
7470	6227
3044	6228
3024	6229
7694	6230
9474	6231
2582	6232
289	6233
8684	6234
8266	6235
6545	6236
246	6237
354	6238
5174	6239
4573	6240
4201	6241
946	6242
6888	6243
6558	6244
1903	6245
3469	6246
6879	6247
325	6248
6840	6249
7478	6250
6675	6251
8243	6252
6996	6253
4358	6254
7483	6255
3468	6256
8964	6257
4608	6258
2811	6259
4370	6260
3754	6261
3421	6262
3633	6263
4110	6264
4634	6265
7624	6266
4791	6267
6688	6268
8992	6269
7719	6270
30	6271
1495	6272
9827	6273
666	6274
4985	6275
9643	6276
8369	6277
6139	6278
2126	6279
2306	6280
6068	6281
7346	6282
6054	6283
9242	6284
3611	6285
1889	6286
6493	6287
4484	6288
8687	6289
8226	6290
8394	6291
3999	6292
1856	6293
2473	6294
7546	6295
1629	6296
3669	6297
758	6298
1498	6299
3556	6300
1873	6301
3980	6302
8942	6303
5346	6304
2189	6305
5077	6306
8741	6307
5118	6308
4775	6309
4434	6310
7834	6311
69	6312
8740	6313
8686	6314
3970	6315
1335	6316
9838	6317
4755	6318
3034	6319
9589	6320
4623	6321
3652	6322
4179	6323
5535	6324
3056	6325
7528	6326
8310	6327
4513	6328
9729	6329
3778	6330
4750	6331
8246	6332
263	6333
1336	6334
2856	6335
7442	6336
1226	6337
7393	6338
8388	6339
2406	6340
5480	6341
1592	6342
5843	6343
9624	6344
905	6345
1084	6346
5191	6347
6041	6348
299	6349
6519	6350
3562	6351
7756	6352
2031	6353
5098	6354
2175	6355
7468	6356
8522	6357
7848	6358
9791	6359
4385	6360
1324	6361
1424	6362
3118	6363
9480	6364
9329	6365
9229	6366
4044	6367
5789	6368
9419	6369
5576	6370
6574	6371
3487	6372
1051	6373
5192	6374
3106	6375
888	6376
8530	6377
3728	6378
8175	6379
512	6380
7102	6381
8213	6382
3479	6383
8361	6384
1256	6385
503	6386
2694	6387
4835	6388
7144	6389
1176	6390
9112	6391
8744	6392
2891	6393
1220	6394
3052	6395
6856	6396
5935	6397
345	6398
2014	6399
1826	6400
7868	6401
5094	6402
847	6403
4859	6404
4103	6405
5433	6406
5265	6407
3442	6408
2218	6409
1940	6410
7613	6411
6799	6412
4346	6413
5412	6414
7762	6415
54	6416
338	6417
74	6418
3808	6419
5558	6420
9270	6421
7679	6422
2435	6423
7907	6424
7518	6425
6233	6426
4655	6427
904	6428
373	6429
8918	6430
9117	6431
1842	6432
1323	6433
8645	6434
2419	6435
6965	6436
3532	6437
7416	6438
356	6439
6939	6440
4012	6441
7538	6442
2248	6443
5544	6444
1052	6445
1568	6446
4749	6447
5733	6448
3642	6449
8047	6450
5863	6451
9234	6452
2145	6453
2430	6454
4364	6455
3267	6456
4145	6457
6210	6458
6196	6459
5871	6460
7943	6461
7940	6462
9276	6463
1893	6464
9682	6465
1221	6466
7400	6467
555	6468
39	6469
2069	6470
4645	6471
6252	6472
8679	6473
6695	6474
1088	6475
810	6476
8810	6477
2890	6478
8990	6479
5806	6480
41	6481
4273	6482
4228	6483
5674	6484
4386	6485
441	6486
3983	6487
528	6488
5486	6489
86	6490
1927	6491
688	6492
6781	6493
7124	6494
9647	6495
1232	6496
5776	6497
459	6498
3504	6499
6932	6500
8179	6501
7401	6502
8137	6503
2109	6504
9174	6505
5765	6506
6904	6507
9231	6508
9390	6509
7905	6510
4643	6511
8435	6512
2262	6513
8750	6514
7098	6515
7607	6516
6399	6517
1802	6518
8628	6519
2461	6520
8971	6521
3230	6522
9833	6523
5987	6524
9136	6525
7996	6526
4488	6527
4027	6528
9114	6529
9113	6530
7954	6531
1611	6532
1713	6533
5919	6534
2159	6535
7278	6536
4505	6537
1166	6538
7333	6539
2835	6540
1628	6541
4659	6542
3125	6543
7775	6544
2291	6545
6616	6546
3225	6547
1165	6548
2073	6549
6251	6550
1320	6551
3962	6552
1523	6553
2729	6554
7454	6555
6928	6556
1412	6557
7307	6558
8619	6559
63	6560
2177	6561
1751	6562
2295	6563
8543	6564
5595	6565
477	6566
7105	6567
6528	6568
2129	6569
4253	6570
622	6571
3356	6572
4787	6573
5670	6574
9807	6575
2639	6576
1910	6577
335	6578
3553	6579
7342	6580
1757	6581
3457	6582
6234	6583
285	6584
6900	6585
8392	6586
7288	6587
4017	6588
3510	6589
5285	6590
7178	6591
4157	6592
8086	6593
5010	6594
3565	6595
1431	6596
2613	6597
5026	6598
5037	6599
7279	6600
7332	6601
4278	6602
7325	6603
2500	6604
751	6605
8359	6606
1097	6607
1503	6608
8710	6609
5920	6610
3256	6611
315	6612
8120	6613
2854	6614
4317	6615
480	6616
793	6617
1450	6618
68	6619
8542	6620
5651	6621
8907	6622
9425	6623
7766	6624
9158	6625
2622	6626
6876	6627
5418	6628
4724	6629
4501	6630
8408	6631
7198	6632
1053	6633
4817	6634
5778	6635
9027	6636
3347	6637
7795	6638
5292	6639
2525	6640
562	6641
9351	6642
4549	6643
809	6644
8983	6645
2016	6646
9071	6647
3050	6648
8705	6649
3027	6650
6855	6651
3973	6652
8318	6653
8013	6654
2655	6655
1485	6656
642	6657
4606	6658
4165	6659
6371	6660
9262	6661
2357	6662
7967	6663
4000	6664
1946	6665
3299	6666
4021	6667
1418	6668
879	6669
7440	6670
5492	6671
4473	6672
4289	6673
3907	6674
4429	6675
8320	6676
88	6677
6699	6678
3903	6679
8663	6680
5642	6681
2334	6682
4154	6683
2063	6684
7082	6685
7881	6686
8463	6687
7695	6688
2384	6689
8452	6690
2829	6691
7193	6692
1139	6693
1397	6694
3900	6695
6023	6696
3763	6697
1167	6698
3075	6699
8547	6700
2106	6701
2907	6702
4285	6703
7680	6704
2287	6705
3564	6706
3932	6707
3231	6708
6760	6709
7092	6710
7367	6711
7439	6712
2624	6713
5211	6714
1293	6715
4295	6716
3002	6717
7529	6718
8358	6719
9558	6720
7112	6721
53	6722
2040	6723
8927	6724
6633	6725
1679	6726
9583	6727
7209	6728
9673	6729
1898	6730
970	6731
3389	6732
1975	6733
1121	6734
9610	6735
1019	6736
8167	6737
869	6738
255	6739
6151	6740
1958	6741
2952	6742
7283	6743
9560	6744
4727	6745
4115	6746
6079	6747
7132	6748
1402	6749
7017	6750
4543	6751
3662	6752
2304	6753
9343	6754
5013	6755
3116	6756
6409	6757
6853	6758
1442	6759
8769	6760
1063	6761
6049	6762
2667	6763
8844	6764
3113	6765
2794	6766
5162	6767
8050	6768
5928	6769
274	6770
8090	6771
4711	6772
8177	6773
9400	6774
5299	6775
2846	6776
2192	6777
5426	6778
1545	6779
1252	6780
3963	6781
9301	6782
2502	6783
6719	6784
3494	6785
7138	6786
4602	6787
2542	6788
2511	6789
6121	6790
7026	6791
9523	6792
955	6793
6108	6794
6046	6795
1169	6796
5534	6797
8419	6798
3040	6799
9683	6800
8327	6801
6748	6802
596	6803
1416	6804
6472	6805
6077	6806
6080	6807
3141	6808
6936	6809
5635	6810
7413	6811
7942	6812
8209	6813
4189	6814
5967	6815
5968	6816
3081	6817
6011	6818
6403	6819
2948	6820
8739	6821
8752	6822
9165	6823
6447	6824
4781	6825
6599	6826
544	6827
7496	6828
5848	6829
2572	6830
7567	6831
226	6832
8908	6833
9825	6834
1797	6835
6736	6836
4464	6837
9371	6838
8432	6839
5793	6840
7793	6841
6148	6842
3964	6843
1077	6844
7233	6845
9005	6846
4006	6847
2224	6848
3649	6849
4262	6850
8198	6851
3310	6852
4842	6853
7760	6854
4038	6855
3712	6856
8512	6857
6512	6858
3509	6859
4561	6860
1468	6861
8238	6862
5634	6863
1544	6864
7515	6865
2941	6866
3930	6867
5411	6868
7599	6869
5606	6870
1820	6871
4596	6872
2898	6873
6397	6874
7256	6875
6394	6876
6980	6877
7666	6878
5389	6879
592	6880
3776	6881
6878	6882
253	6883
2660	6884
2665	6885
8041	6886
2997	6887
9510	6888
5347	6889
6768	6890
7290	6891
7816	6892
1372	6893
2584	6894
4138	6895
7123	6896
398	6897
2996	6898
7874	6899
425	6900
9508	6901
3355	6902
144	6903
661	6904
7635	6905
7570	6906
279	6907
1986	6908
3854	6909
8545	6910
6390	6911
4087	6912
8087	6913
9866	6914
400	6915
650	6916
1816	6917
2905	6918
4611	6919
2699	6920
4083	6921
4500	6922
8674	6923
2360	6924
5030	6925
8375	6926
6942	6927
2926	6928
2534	6929
8431	6930
6573	6931
8984	6932
776	6933
9107	6934
5644	6935
636	6936
6411	6937
7031	6938
5782	6939
4986	6940
1964	6941
6110	6942
4118	6943
138	6944
7462	6945
5385	6946
4400	6947
10	6948
1801	6949
5149	6950
8410	6951
838	6952
7116	6953
8801	6954
5629	6955
3128	6956
2740	6957
8589	6958
7696	6959
6506	6960
6621	6961
3870	6962
8946	6963
9725	6964
228	6965
1430	6966
7265	6967
223	6968
7920	6969
2731	6970
7914	6971
3946	6972
7179	6973
1090	6974
9457	6975
1846	6976
4790	6977
2007	6978
5432	6979
8295	6980
3214	6981
8383	6982
5617	6983
6293	6984
5632	6985
7366	6986
2934	6987
5156	6988
5963	6989
5528	6990
1984	6991
4777	6992
8204	6993
8851	6994
4504	6995
4161	6996
9597	6997
7230	6998
8412	6999
7424	7000
6837	7001
7632	7002
3952	7003
1173	7004
8514	7005
9048	7006
9786	7007
2033	7008
5058	7009
7408	7010
5828	7011
1155	7012
754	7013
4613	7014
7035	7015
7245	7016
4475	7017
2704	7018
4967	7019
6101	7020
3012	7021
6949	7022
2774	7023
2721	7024
9837	7025
9414	7026
8032	7027
4375	7028
6790	7029
1042	7030
114	7031
2537	7032
2857	7033
2746	7034
3470	7035
4028	7036
6838	7037
717	7038
5105	7039
6884	7040
2801	7041
8020	7042
1373	7043
9483	7044
9146	7045
2337	7046
8155	7047
1810	7048
2784	7049
2909	7050
1546	7051
7618	7052
8683	7053
7959	7054
2417	7055
2481	7056
9853	7057
5471	7058
9604	7059
5689	7060
9053	7061
4013	7062
2361	7063
6750	7064
7560	7065
4610	7066
8774	7067
6930	7068
700	7069
4900	7070
1571	7071
4770	7072
4671	7073
27	7074
5255	7075
198	7076
8835	7077
5925	7078
5213	7079
3836	7080
6340	7081
919	7082
748	7083
554	7084
7631	7085
9486	7086
3702	7087
1978	7088
4679	7089
4043	7090
4771	7091
9317	7092
7961	7093
5662	7094
7012	7095
4	7096
874	7097
461	7098
6951	7099
5911	7100
935	7101
6452	7102
1711	7103
2505	7104
854	7105
6606	7106
611	7107
9320	7108
5186	7109
1517	7110
6248	7111
5739	7112
1845	7113
5904	7114
1791	7115
6714	7116
4899	7117
36	7118
2576	7119
4779	7120
3171	7121
5594	7122
2637	7123
7968	7124
2695	7125
131	7126
4371	7127
2252	7128
9802	7129
3038	7130
9067	7131
64	7132
6464	7133
1443	7134
4963	7135
1850	7136
3130	7137
7877	7138
8428	7139
2050	7140
816	7141
3481	7142
3580	7143
3449	7144
4489	7145
594	7146
2577	7147
1615	7148
7020	7149
1987	7150
72	7151
2875	7152
8404	7153
9811	7154
6289	7155
8014	7156
662	7157
8496	7158
6509	7159
5383	7160
878	7161
1622	7162
9828	7163
6818	7164
2108	7165
3694	7166
2003	7167
5027	7168
5681	7169
187	7170
5355	7171
6651	7172
3788	7173
8303	7174
9826	7175
8051	7176
6935	7177
1466	7178
3011	7179
3953	7180
7764	7181
216	7182
8783	7183
5062	7184
173	7185
4620	7186
6207	7187
5113	7188
6758	7189
7222	7190
6637	7191
8824	7192
4127	7193
5120	7194
2	7195
9664	7196
6426	7197
5413	7198
6636	7199
6488	7200
6759	7201
5468	7202
7819	7203
2813	7204
7164	7205
4698	7206
52	7207
5787	7208
2376	7209
7388	7210
8989	7211
5971	7212
2986	7213
5747	7214
5690	7215
7420	7216
4291	7217
5335	7218
7229	7219
6839	7220
817	7221
2860	7222
8106	7223
2482	7224
4988	7225
9645	7226
7509	7227
6190	7228
8104	7229
8454	7230
1504	7231
4003	7232
2587	7233
3555	7234
3683	7235
7313	7236
8501	7237
23	7238
2894	7239
1915	7240
1294	7241
5273	7242
8427	7243
5436	7244
8387	7245
322	7246
6302	7247
2638	7248
4056	7249
3218	7250
9743	7251
7456	7252
7130	7253
8580	7254
3968	7255
4186	7256
7682	7257
196	7258
73	7259
5103	7260
2254	7261
9392	7262
5975	7263
4233	7264
414	7265
2610	7266
6989	7267
2035	7268
1530	7269
9297	7270
8418	7271
5276	7272
2635	7273
6132	7274
1536	7275
66	7276
3258	7277
8652	7278
9423	7279
4039	7280
2889	7281
9525	7282
3122	7283
3123	7284
6266	7285
608	7286
9814	7287
4858	7288
681	7289
8748	7290
5396	7291
2972	7292
4467	7293
5842	7294
3210	7295
2930	7296
8760	7297
4149	7298
898	7299
7865	7300
7201	7301
3455	7302
4747	7303
5722	7304
7889	7305
7662	7306
9537	7307
9063	7308
4213	7309
195	7310
4785	7311
3068	7312
8368	7313
5462	7314
2872	7315
9157	7316
9463	7317
4925	7318
5194	7319
3023	7320
4657	7321
2170	7322
6669	7323
150	7324
9662	7325
1106	7326
9156	7327
192	7328
5227	7329
9	7330
6067	7331
6413	7332
5056	7333
7241	7334
2405	7335
7395	7336
5106	7337
2838	7338
2526	7339
8915	7340
5122	7341
3606	7342
7385	7343
6195	7344
812	7345
752	7346
3296	7347
4162	7348
1069	7349
5790	7350
7471	7351
3033	7352
4050	7353
928	7354
3478	7355
9378	7356
5317	7357
6437	7358
908	7359
485	7360
1776	7361
5329	7362
6244	7363
7314	7364
1851	7365
734	7366
5473	7367
3976	7368
3811	7369
6752	7370
8726	7371
1556	7372
3957	7373
491	7374
5304	7375
9389	7376
8261	7377
3078	7378
6376	7379
826	7380
1175	7381
7381	7382
8044	7383
1702	7384
863	7385
3071	7386
4440	7387
4765	7388
5633	7389
9748	7390
2990	7391
7708	7392
2828	7393
2557	7394
9590	7395
5602	7396
1456	7397
6841	7398
2883	7399
7182	7400
4721	7401
6857	7402
9265	7403
7598	7404
2749	7405
6218	7406
6378	7407
8976	7408
6543	7409
862	7410
3680	7411
6367	7412
157	7413
8200	7414
5593	7415
846	7416
4231	7417
5312	7418
2581	7419
8084	7420
9515	7421
4661	7422
1362	7423
4299	7424
7221	7425
240	7426
9224	7427
288	7428
5893	7429
3115	7430
2748	7431
2273	7432
4214	7433
7771	7434
6388	7435
4474	7436
4415	7437
868	7438
3476	7439
9412	7440
8482	7441
7969	7442
984	7443
6555	7444
8721	7445
92	7446
551	7447
1965	7448
2318	7449
492	7450
1520	7451
9720	7452
6074	7453
1886	7454
2138	7455
8782	7456
4823	7457
2981	7458
2840	7459
1849	7460
1645	7461
2062	7462
237	7463
6410	7464
4067	7465
5357	7466
7858	7467
3698	7468
4052	7469
1643	7470
3345	7471
2991	7472
8440	7473
2976	7474
5499	7475
2591	7476
6931	7477
7489	7478
8639	7479
4128	7480
3341	7481
5496	7482
1919	7483
1516	7484
9781	7485
4349	7486
9100	7487
7786	7488
4801	7489
6568	7490
7647	7491
8080	7492
2219	7493
507	7494
5766	7495
8742	7496
7980	7497
6912	7498
5513	7499
4947	7500
3454	7501
3408	7502
9258	7503
9031	7504
3969	7505
5923	7506
3329	7507
1193	7508
9078	7509
5718	7510
777	7511
4368	7512
790	7513
175	7514
7059	7515
5795	7516
9077	7517
9141	7518
3175	7519
3629	7520
3600	7521
3332	7522
8002	7523
8730	7524
7113	7525
3664	7526
8122	7527
2017	7528
2876	7529
1395	7530
5242	7531
1625	7532
1101	7533
6538	7534
3157	7535
6091	7536
2311	7537
7197	7538
4086	7539
8385	7540
5111	7541
4544	7542
1358	7543
9689	7544
2772	7545
3668	7546
6484	7547
2023	7548
9095	7549
3185	7550
6184	7551
1933	7552
6817	7553
7693	7554
10	7555
8176	7556
7139	7557
7041	7558
5691	7559
7257	7560
3902	7561
4188	7562
4607	7563
2640	7564
2150	7565
2460	7566
5080	7567
6126	7568
5887	7569
117	7570
6268	7571
8365	7572
3448	7573
6059	7574
8527	7575
1399	7576
1502	7577
2596	7578
1980	7579
1184	7580
3497	7581
859	7582
3558	7583
1831	7584
1138	7585
1143	7586
1142	7587
1163	7588
5684	7589
7703	7590
5307	7591
9657	7592
6600	7593
2569	7594
7374	7595
2092	7596
6419	7597
4209	7598
8940	7599
471	7600
1089	7601
1022	7602
844	7603
2662	7604
7259	7605
4922	7606
677	7607
9164	7608
7580	7609
6971	7610
9191	7611
4158	7612
2449	7613
6393	7614
8095	7615
535	7616
4061	7617
4627	7618
5588	7619
2922	7620
6209	7621
6746	7622
5524	7623
4562	7624
4930	7625
500	7626
843	7627
7260	7628
696	7629
3099	7630
1800	7631
1264	7632
3643	7633
5187	7634
1917	7635
8329	7636
4428	7637
4384	7638
9706	7639
4113	7640
2378	7641
1876	7642
3451	7643
9538	7644
818	7645
1	7646
7319	7647
1050	7648
2851	7649
11	7650
7895	7651
6641	7652
8938	7653
7527	7654
591	7655
8325	7656
679	7657
6171	7658
390	7659
5881	7660
8098	7661
1031	7662
2757	7663
7378	7664
243	7665
7577	7666
1162	7667
6263	7668
2296	7669
4821	7670
4878	7671
3351	7672
19	7673
842	7674
1573	7675
845	7676
96	7677
8398	7678
3372	7679
6433	7680
6704	7681
1371	7682
7753	7683
7759	7684
8468	7685
956	7686
6897	7687
7062	7688
1197	7689
4185	7690
4581	7691
1494	7692
2060	7693
6609	7694
3422	7695
12	7696
6735	7697
675	7698
9076	7699
496	7700
1843	7701
9603	7702
8931	7703
1668	7704
1481	7705
4382	7706
388	7707
8762	7708
944	7709
1421	7710
3196	7711
654	7712
1349	7713
8000	7714
2319	7715
265	7716
7936	7717
3232	7718
5067	7719
9766	7720
1852	7721
7833	7722
9217	7723
2527	7724
1219	7725
1904	7726
9762	7727
4745	7728
8190	7729
6626	7730
3618	7731
8638	7732
7448	7733
2222	7734
6008	7735
3670	7736
1081	7737
2102	7738
7724	7739
6642	7740
7211	7741
2773	7742
7821	7743
4983	7744
4270	7745
8722	7746
7521	7747
8034	7748
6099	7749
999	7750
6947	7751
7997	7752
105	7753
2533	7754
7769	7755
542	7756
9000	7757
6460	7758
3286	7759
8886	7760
4903	7761
9717	7762
7768	7763
3006	7764
9147	7765
2956	7766
1594	7767
7505	7768
6901	7769
8832	7770
7275	7771
3696	7772
234	7773
7339	7774
3330	7775
4315	7776
3665	7777
5749	7778
482	7779
1074	7780
3601	7781
2210	7782
5983	7783
126	7784
3883	7785
3200	7786
3552	7787
1236	7788
334	7789
1493	7790
6598	7791
6625	7792
5021	7793
5505	7794
1315	7795
5085	7796
9642	7797
4518	7798
2683	7799
9852	7800
9585	7801
3309	7802
1196	7803
7187	7804
1747	7805
3516	7806
6677	7807
8780	7808
435	7809
7951	7810
7052	7811
3882	7812
5974	7813
3042	7814
9299	7815
2100	7816
5263	7817
4691	7818
2955	7819
6032	7820
6667	7821
3063	7822
7651	7823
4354	7824
6489	7825
21	7826
3543	7827
6676	7828
3131	7829
1606	7830
8256	7831
6679	7832
4866	7833
3180	7834
9101	7835
731	7836
6690	7837
2641	7838
2666	7839
4872	7840
8484	7841
9821	7842
5093	7843
6734	7844
2565	7845
3937	7846
2255	7847
4075	7848
4405	7849
9012	7850
5781	7851
2397	7852
9272	7853
8939	7854
8817	7855
4873	7856
7569	7857
9409	7858
5408	7859
2961	7860
7908	7861
5924	7862
3005	7863
1490	7864
4964	7865
5978	7866
4037	7867
4184	7868
5579	7869
7	7870
9749	7871
5869	7872
7383	7873
3138	7874
3058	7875
3827	7876
4920	7877
3896	7878
2822	7879
4800	7880
8642	7881
4320	7882
2104	7883
1366	7884
9819	7885
8308	7886
1444	7887
9321	7888
236	7889
8386	7890
4469	7891
7029	7892
4029	7893
311	7894
2583	7895
4542	7896
6478	7897
2215	7898
5721	7899
4910	7900
1239	7901
7551	7902
270	7903
865	7904
4515	7905
5753	7906
3654	7907
4240	7908
1955	7909
3894	7910
9198	7911
6639	7912
2328	7913
440	7914
2200	7915
31	7916
6985	7917
4355	7918
6883	7919
631	7920
3511	7921
4722	7922
5431	7923
8859	7924
1392	7925
9851	7926
965	7927
5188	7928
6744	7929
1242	7930
2832	7931
3090	7932
8517	7933
2294	7934
775	7935
2780	7936
4667	7937
2611	7938
2651	7939
2213	7940
7854	7941
3475	7942
9030	7943
1391	7944
8565	7945
3433	7946
1569	7947
7562	7948
3770	7949
8094	7950
7597	7951
1295	7952
3859	7953
8287	7954
755	7955
7991	7956
2621	7957
4007	7958
7075	7959
2256	7960
3867	7961
5068	7962
7348	7963
5397	7964
5189	7965
8658	7966
4035	7967
5777	7968
8182	7969
3986	7970
4260	7971
3397	7972
3166	7973
5764	7974
1282	7975
3167	7976
6559	7977
8285	7978
615	7979
323	7980
7836	7981
9685	7982
9207	7983
3988	7984
1103	7985
9836	7986
8097	7987
6031	7988
3583	7989
9439	7990
1009	7991
1803	7992
6306	7993
8242	7994
5425	7995
6098	7996
4944	7997
2188	7998
9572	7999
7818	8000
5650	8001
9842	8002
8889	8003
1233	8004
1500	8005
3354	8006
2912	8007
5204	8008
4323	8009
3366	8010
8981	8011
51	8012
445	8013
4802	8014
5502	8015
5164	8016
4478	8017
5126	8018
3919	8019
963	8020
9739	8021
3393	8022
4826	8023
8070	8024
8575	8025
4479	8026
8192	8027
9856	8028
1508	8029
3003	8030
3134	8031
5845	8032
2809	8033
8326	8034
269	8035
910	8036
2141	8037
7534	8038
224	8039
1159	8040
9568	8041
806	8042
5883	8043
5332	8044
5393	8045
3817	8046
494	8047
8355	8048
787	8049
469	8050
8332	8051
5459	8052
8584	8053
2715	8054
4728	8055
5546	8056
1008	8057
2920	8058
1818	8059
3219	8060
3995	8061
8928	8062
4951	8063
3093	8064
6103	8065
8681	8066
213	8067
6826	8068
6112	8069
3659	8070
6925	8071
5274	8072
5262	8073
7602	8074
9533	8075
4629	8076
127	8077
2257	8078
9115	8079
6552	8080
2131	8081
293	8082
3414	8083
6730	8084
4068	8085
3718	8086
9253	8087
2186	8088
62	8089
7830	8090
4009	8091
997	8092
8555	8093
4192	8094
4133	8095
5234	8096
1659	8097
3710	8098
7665	8099
1170	8100
8618	8101
8457	8102
3868	8103
8951	8104
2002	8105
2541	8106
9711	8107
1957	8108
3257	8109
3699	8110
7077	8111
9653	8112
6347	8113
5824	8114
9755	8115
6146	8116
5855	8117
1559	8118
2162	8119
5732	8120
9402	8121
7214	8122
6795	8123
68	8124
7484	8125
2095	8126
5466	8127
6344	8128
423	8129
6276	8130
5173	8131
8571	8132
5628	8133
2870	8134
1001	8135
6693	8136
3263	8137
7718	8138
8666	8139
6161	8140
5909	8141
4238	8142
9259	8143
6824	8144
8852	8145
6217	8146
6368	8147
3489	8148
602	8149
2348	8150
8450	8151
6122	8152
4932	8153
4360	8154
318	8155
4333	8156
8917	8157
2363	8158
2548	8159
7281	8160
1602	8161
8564	8162
5759	8163
7935	8164
6365	8165
8158	8166
3563	8167
9449	8168
305	8169
7210	8170
4211	8171
2068	8172
429	8173
88	8174
2000	8175
6429	8176
8116	8177
2953	8178
8323	8179
2958	8180
6020	8181
8601	8182
4058	8183
1045	8184
6179	8185
1794	8186
4254	8187
7950	8188
6917	8189
7890	8190
6414	8191
6994	8192
7402	8193
2841	8194
9088	8195
3242	8196
2551	8197
5574	8198
726	8199
3135	8200
1039	8201
1344	8202
8834	8203
8315	8204
475	8205
520	8206
2858	8207
2805	8208
3703	8209
6849	8210
8258	8211
7301	8212
478	8213
3625	8214
5809	8215
363	8216
1666	8217
5503	8218
28	8219
4449	8220
3551	8221
8723	8222
3049	8223
9635	8224
7888	8225
7661	8226
578	8227
3822	8228
147	8229
695	8230
4957	8231
8868	8232
6351	8233
1787	8234
5827	8235
7011	8236
6144	8237
375	8238
668	8239
5880	8240
8451	8241
2788	8242
1796	8243
2142	8244
1795	8245
2806	8246
5424	8247
5542	8248
2830	8249
7251	8250
6520	8251
92	8252
9091	8253
2423	8254
7672	8255
1540	8256
6914	8257
4588	8258
5165	8259
6323	8260
9094	8261
1191	8262
5892	8263
4085	8264
667	8265
5921	8266
7294	8267
3145	8268
14	8269
2307	8270
5682	8271
9549	8272
222	8273
7373	8274
5331	8275
2549	8276
281	8277
490	8278
8572	8279
8560	8280
6921	8281
1999	8282
5202	8283
4232	8284
2600	8285
9782	8286
2781	8287
6456	8288
773	8289
573	8290
8880	8291
1409	8292
77	8293
722	8294
3184	8295
9858	8296
5167	8297
1211	8298
7919	8299
5297	8300
676	8301
211	8302
7739	8303
1575	8304
6550	8305
3647	8306
8881	8307
2865	8308
5221	8309
7270	8310
1015	8311
3251	8312
1971	8313
5762	8314
9426	8315
3137	8316
7472	8317
6051	8318
617	8319
7318	8320
2852	8321
7675	8322
3405	8323
3387	8324
2701	8325
9127	8326
943	8327
2332	8328
4042	8329
4334	8330
9602	8331
4431	8332
8162	8333
4666	8334
5197	8335
1891	8336
8164	8337
3103	8338
655	8339
5201	8340
5138	8341
6243	8342
2847	8343
939	8344
3675	8345
3860	8346
5603	8347
8316	8348
3174	8349
7824	8350
9325	8351
7780	8352
7861	8353
8677	8354
8129	8355
3889	8356
8607	8357
9160	8358
5302	8359
43	8360
5084	8361
9374	8362
2987	8363
7573	8364
6959	8365
7317	8366
4854	8367
3262	8368
9019	8369
7199	8370
9873	8371
341	8372
2685	8373
2028	8374
2862	8375
1281	8376
7885	8377
3687	8378
12	8379
2970	8380
1073	8381
1284	8382
5041	8383
9368	8384
8180	8385
6422	8386
7446	8387
6707	8388
4890	8389
2132	8390
9339	8391
5372	8392
6308	8393
7789	8394
6729	8395
9607	8396
2220	8397
8777	8398
616	8399
2054	8400
6508	8401
5697	8402
9611	8403
2988	8404
8313	8405
8960	8406
2465	8407
479	8408
6692	8409
2476	8410
8608	8411
9350	8412
7866	8413
871	8414
1492	8415
8956	8416
3236	8417
835	8418
8667	8419
3450	8420
136	8421
7219	8422
6047	8423
1724	8424
983	8425
6933	8426
7641	8427
5808	8428
2208	8429
3456	8430
7947	8431
2550	8432
7156	8433
49	8434
9678	8435
3192	8436
3527	8437
7732	8438
2504	8439
7363	8440
1309	8441
4991	8442
8448	8443
1454	8444
1708	8445
1579	8446
570	8447
8795	8448
8186	8449
6357	8450
5261	8451
6718	8452
9600	8453
1414	8454
6313	8455
8211	8456
2480	8457
2792	8458
4976	8459
5581	8460
1841	8461
1734	8462
9121	8463
2265	8464
7731	8465
1208	8466
1250	8467
6082	8468
6487	8469
5072	8470
6241	8471
3436	8472
2873	8473
8038	8474
7799	8475
8026	8476
109	8477
4717	8478
1871	8479
6754	8480
9514	8481
5123	8482
7405	8483
5016	8484
7001	8485
2290	8486
6342	8487
4735	8488
1735	8489
9411	8490
4845	8491
7737	8492
2006	8493
1748	8494
9557	8495
6470	8496
9305	8497
5361	8498
4412	8499
4949	8500
6309	8501
8620	8502
1385	8503
3525	8504
6585	8505
1839	8506
969	8507
3982	8508
6740	8509
915	8510
8621	8511
1696	8512
5604	8513
2547	8514
2286	8515
6966	8516
7108	8517
6237	8518
5785	8519
4100	8520
4709	8521
8518	8522
8636	8523
8503	8524
7726	8525
3065	8526
241	8527
1340	8528
6066	8529
2957	8530
2612	8531
8711	8532
1410	8533
9631	8534
2619	8535
146	8536
9186	8537
6595	8538
328	8539
7600	8540
364	8541
1247	8542
2521	8543
5321	8544
5376	8545
4870	8546
9663	8547
9759	8548
1572	8549
5465	8550
6265	8551
7051	8552
5900	8553
2523	8554
3679	8555
7555	8556
870	8557
5268	8558
22	8559
6138	8560
1445	8561
840	8562
8472	8563
7802	8564
22	8565
3775	8566
5640	8567
1370	8568
7970	8569
8101	8570
1793	8571
5613	8572
7129	8573
8268	8574
1278	8575
6564	8576
3039	8577
1083	8578
9185	8579
8651	8580
7196	8581
8996	8582
235	8583
4753	8584
8278	8585
4388	8586
9342	8587
1199	8588
7341	8589
47	8590
715	8591
9017	8592
1153	8593
5598	8594
2633	8595
8135	8596
708	8597
3109	8598
3279	8599
4410	8600
1621	8601
872	8602
34	8603
4408	8604
1350	8605
7150	8606
3994	8607
2313	8608
4229	8609
6655	8610
3677	8611
1154	8612
6270	8613
1766	8614
5166	8615
6258	8616
2134	8617
831	8618
5401	8619
7863	8620
1271	8621
4732	8622
4	8623
4565	8624
3779	8625
4379	8626
9315	8627
4463	8628
4040	8629
8552	8630
6929	8631
2571	8632
3725	8633
4586	8634
3396	8635
5538	8636
5177	8637
2518	8638
9541	8639
1790	8640
5239	8641
1595	8642
4649	8643
933	8644
9693	8645
5036	8646
300	8647
692	8648
5178	8649
4174	8650
5055	8651
2735	8652
7630	8653
8414	8654
5267	8655
2672	8656
5278	8657
6705	8658
9300	8659
8417	8660
3250	8661
5275	8662
3282	8663
5271	8664
2244	8665
1817	8666
7033	8667
2165	8668
417	8669
7752	8670
4595	8671
1560	8672
3858	8673
4675	8674
5556	8675
8473	8676
8073	8677
8702	8678
5260	8679
9722	8680
1262	8681
391	8682
6346	8683
3753	8684
6160	8685
3084	8686
9440	8687
6683	8688
6773	8689
9527	8690
6380	8691
5485	8692
3368	8693
4277	8694
6392	8695
8459	8696
3467	8697
3941	8698
3499	8699
2750	8700
76	8701
2197	8702
3452	8703
6374	8704
5954	8705
7899	8706
5729	8707
4959	8708
5696	8709
4414	8710
1992	8711
7932	8712
1471	8713
8491	8714
2233	8715
4227	8716
6618	8717
3152	8718
4234	8719
8901	8720
5233	8721
301	8722
3139	8723
6228	8724
5052	8725
2367	8726
1118	8727
7639	8728
7700	8729
3691	8730
2133	8731
4122	8732
3129	8733
3142	8734
6225	8735
6831	8736
1639	8737
4829	8738
820	8739
416	8740
6240	8741
6382	8742
3082	8743
3589	8744
404	8745
8903	8746
7473	8747
304	8748
517	8749
593	8750
6920	8751
4380	8752
2554	8753
6605	8754
8827	8755
3873	8756
538	8757
8662	8758
531	8759
9415	8760
3901	8761
8779	8762
4300	8763
393	8764
9650	8765
9849	8766
6958	8767
4517	8768
1888	8769
7034	8770
3834	8771
8027	8772
3066	8773
917	8774
7079	8775
6709	8776
756	8777
2698	8778
1558	8779
6852	8780
8391	8781
2578	8782
1457	8783
3989	8784
5590	8785
3998	8786
443	8787
1	8788
2098	8789
2411	8790
5970	8791
2119	8792
7985	8793
5652	8794
4381	8795
1577	8796
9859	8797
5996	8798
5676	8799
262	8800
115	8801
4465	8802
474	8803
8925	8804
1124	8805
8024	8806
8600	8807
3546	8808
2249	8809
659	8810
8082	8811
6732	8812
6596	8813
6922	8814
4734	8815
8218	8816
9714	8817
2650	8818
5108	8819
9296	8820
5844	8821
684	8822
7784	8823
6661	8824
396	8825
8193	8826
8569	8827
7474	8828
3391	8829
6885	8830
5817	8831
4718	8832
4719	8833
139	8834
3651	8835
3446	8836
8064	8837
4860	8838
1991	8839
7510	8840
3774	8841
8319	8842
8866	8843
2366	8844
4195	8845
5352	8846
7664	8847
6285	8848
1774	8849
798	8850
209	8851
4002	8852
6523	8853
5949	8854
4748	8855
3284	8856
6517	8857
1600	8858
3914	8859
1507	8860
3797	8861
2664	8862
7025	8863
8568	8864
3114	8865
230	8866
3443	8867
3054	8868
4466	8869
463	8870
3294	8871
995	8872
769	8873
5725	8874
6188	8875
3423	8876
6350	8877
450	8878
8015	8879
4713	8880
4241	8881
8794	8882
1939	8883
8012	8884
4367	8885
5508	8886
2768	8887
9554	8888
5283	8889
8335	8890
4497	8891
2391	8892
3102	8893
1729	8894
1961	8895
2710	8896
4282	8897
106	8898
5337	8899
3243	8900
1780	8901
2309	8902
9652	8903
5044	8904
201	8905
98	8906
8864	8907
1194	8908
9794	8909
8754	8910
124	8911
8481	8912
4166	8913
942	8914
926	8915
7184	8916
2153	8917
5222	8918
9505	8919
7763	8920
4204	8921
4726	8922
47	8923
2087	8924
8556	8925
7916	8926
2070	8927
4637	8928
4516	8929
3657	8930
9104	8931
118	8932
7487	8933
8123	8934
8523	8935
8048	8936
6644	8937
5024	8938
703	8939
8283	8940
6386	8941
560	8942
5526	8943
2817	8944
1907	8945
4619	8946
8447	8947
3934	8948
1480	8949
107	8950
2959	8951
5336	8952
4880	8953
168	8954
3254	8955
2089	8956
2786	8957
6481	8958
7930	8959
6946	8960
5011	8961
3549	8962
1215	8963
3292	8964
3493	8965
749	8966
3000	8967
5182	8968
7563	8969
7832	8970
9509	8971
4557	8972
9559	8973
660	8974
2560	8975
3906	8976
8626	8977
6894	8978
9442	8979
7368	8980
5133	8981
2758	8982
6208	8983
2765	8984
3587	8985
7465	8986
321	8987
2053	8988
7941	8989
2539	8990
8704	8991
3244	8992
3645	8993
5161	8994
7524	8995
9240	8996
3474	8997
3825	8998
1111	8999
9327	9000
5063	9001
386	9002
2597	9003
6670	9004
394	9005
2491	9006
9431	9007
5521	9008
7242	9009
883	9010
9697	9011
9287	9012
5687	9013
8858	9014
7539	9015
4633	9016
9736	9017
9787	9018
4327	9019
5772	9020
5076	9021
1911	9022
1212	9023
8317	9024
1234	9025
7086	9026
2456	9027
6479	9028
5797	9029
6646	9030
1764	9031
3343	9032
6453	9033
656	9034
489	9035
8236	9036
5562	9037
9418	9038
1177	9039
1117	9040
9588	9041
8745	9042
6111	9043
3544	9044
896	9045
4636	9046
1024	9047
5583	9048
2123	9049
9774	9050
2239	9051
1836	9052
4036	9053
4498	9054
3435	9055
9260	9056
5343	9057
6095	9058
8141	9059
8554	9060
3782	9061
1010	9062
5281	9063
9150	9064
3839	9065
7306	9066
2130	9067
4673	9068
3561	9069
2512	9070
858	9071
4239	9072
7615	9073
6262	9074
4351	9075
7578	9076
2739	9077
1878	9078
4423	9079
7912	9080
9799	9081
3672	9082
3991	9083
7008	9084
1427	9085
6239	9086
7934	9087
9874	9088
6167	9089
7437	9090
9567	9091
3724	9092
2545	9093
6978	9094
4288	9095
8511	9096
5008	9097
2351	9098
7994	9099
8381	9100
5616	9101
9036	9102
8001	9103
8059	9104
8781	9105
6198	9106
420	9107
5612	9108
8402	9109
7100	9110
2535	9111
1654	9112
7683	9113
85	9114
8546	9115
6808	9116
7684	9117
6580	9118
6065	9119
1553	9120
2191	9121
7406	9122
518	9123
1718	9124
7205	9125
8680	9126
3094	9127
8963	9128
2627	9129
1822	9130
6820	9131
5792	9132
8444	9133
4695	9134
3072	9135
4511	9136
6533	9137
8973	9138
4625	9139
6105	9140
7078	9141
4601	9142
8548	9143
1270	9144
4884	9145
5692	9146
5061	9147
7852	9148
1707	9149
7073	9150
439	9151
7660	9152
2107	9153
2607	9154
8068	9155
9398	9156
108	9157
6832	9158
7320	9159
3939	9160
4487	9161
7640	9162
106	9163
5207	9164
1519	9165
1353	9166
7344	9167
2515	9168
2677	9169
6974	9170
8798	9171
5127	9172
7000	9173
2688	9174
37	9175
1260	9176
158	9177
9369	9178
2761	9179
5861	9180
62	9181
7873	9182
2939	9183
8629	9184
9215	9185
77	9186
2918	9187
1135	9188
9379	9189
9202	9190
4908	9191
2753	9192
1384	9193
1441	9194
632	9195
8441	9196
9752	9197
7690	9198
819	9199
7087	9200
4018	9201
6964	9202
4973	9203
1463	9204
4312	9205
2963	9206
4342	9207
90	9208
2298	9209
2785	9210
8787	9211
4680	9212
7992	9213
2364	9214
4207	9215
3819	9216
5738	9217
9257	9218
9081	9219
9529	9220
3211	9221
4426	9222
6317	9223
1499	9224
6321	9225
841	9226
6613	9227
4120	9228
4397	9229
7273	9230
384	9231
7773	9232
2849	9233
610	9234
6269	9235
9763	9236
3813	9237
80	9238
6937	9239
9135	9240
5752	9241
3342	9242
575	9243
1275	9244
128	9245
7653	9246
5046	9247
2562	9248
1726	9249
5257	9250
2161	9251
6454	9252
8040	9253
5726	9254
3535	9255
5755	9256
553	9257
3189	9258
7231	9259
8161	9260
4051	9261
2726	9262
5834	9263
5903	9264
6330	9265
4030	9266
1472	9267
2681	9268
3807	9269
3036	9270
7272	9271
7787	9272
1398	9273
8074	9274
8352	9275
5615	9276
7476	9277
3413	9278
8690	9279
8033	9280
2648	9281
1307	9282
1832	9283
3326	9284
5582	9285
7305	9286
697	9287
624	9288
5666	9289
5048	9290
381	9291
6136	9292
7304	9293
4975	9294
7659	9295
2593	9296
2932	9297
2416	9298
3855	9299
5932	9300
1092	9301
7146	9302
7491	9303
7019	9304
2544	9305
399	9306
6703	9307
8062	9308
1613	9309
2947	9310
3570	9311
3183	9312
1178	9313
9255	9314
7754	9315
6530	9316
9288	9317
3803	9318
3268	9319
9517	9320
5124	9321
6549	9322
401	9323
1548	9324
1192	9325
6203	9326
3337	9327
5200	9328
9614	9329
988	9330
1720	9331
1510	9332
3173	9333
6720	9334
6668	9335
2928	9336
693	9337
8749	9338
1844	9339
657	9340
1649	9341
6034	9342
5516	9343
3362	9344
5984	9345
9323	9346
1148	9347
8406	9348
8720	9349
190	9350
1693	9351
1784	9352
5601	9353
5955	9354
9218	9355
3022	9356
81	9357
7362	9358
33	9359
3800	9360
6387	9361
7958	9362
8093	9363
6216	9364
6174	9365
9050	9366
1018	9367
5623	9368
8759	9369
4112	9370
2009	9371
3041	9372
8812	9373
60	9374
6441	9375
5100	9376
7845	9377
2442	9378
2659	9379
9126	9380
457	9381
6612	9382
9760	9383
6503	9384
671	9385
4862	9386
5489	9387
6723	9388
1420	9389
9359	9390
7322	9391
2037	9392
5823	9393
6050	9394
115	9395
603	9396
5876	9397
4424	9398
2658	9399
9014	9400
2272	9401
595	9402
3681	9403
6643	9404
268	9405
5237	9406
7923	9407
6968	9408
2916	9409
7287	9410
9550	9411
3926	9412
716	9413
2771	9414
39	9415
5409	9416
7136	9417
2766	9418
2024	9419
8561	9420
5420	9421
753	9422
57	9423
2510	9424
2462	9425
7010	9426
5421	9427
6584	9428
4978	9429
2670	9430
4584	9431
1115	9432
2340	9433
698	9434
7063	9435
4092	9436
8701	9437
6381	9438
2398	9439
4477	9440
1834	9441
7060	9442
3061	9443
8975	9444
4760	9445
4841	9446
7686	9447
3009	9448
7494	9449
476	9450
6775	9451
453	9452
110	9453
3997	9454
1728	9455
2723	9456
6016	9457
3144	9458
1926	9459
6400	9460
1365	9461
9780	9462
397	9463
2914	9464
8706	9465
2834	9466
2730	9467
9387	9468
9055	9469
7321	9470
6511	9471
5664	9472
1630	9473
5119	9474
1129	9475
1109	9476
4090	9477
8695	9478
3346	9479
1114	9480
3403	9481
7088	9482
1440	9483
8528	9484
922	9485
5422	9486
9086	9487
9175	9488
104	9489
5693	9490
6444	9491
1727	9492
8228	9493
4109	9494
4548	9495
2283	9496
1963	9497
7713	9498
3008	9499
6137	9500
407	9501
1819	9502
1227	9503
628	9504
3794	9505
6257	9506
7897	9507
3673	9508
5575	9509
1603	9510
261	9511
116	9512
5403	9513
3021	9514
932	9515
6475	9516
7411	9517
9469	9518
7734	9519
899	9520
2300	9521
2471	9522
4425	9523
1745	9524
191	9525
9162	9526
4301	9527
7777	9528
1605	9529
5338	9530
9225	9531
5272	9532
2027	9533
8776	9534
5012	9535
8138	9536
6033	9537
8540	9538
6070	9539
4004	9540
9761	9541
2331	9542
8955	9543
6923	9544
2921	9545
4936	9546
2438	9547
8433	9548
6873	9549
38	9550
5501	9551
895	9552
2026	9553
7172	9554
8733	9555
91	9556
282	9557
5134	9558
3793	9559
5668	9560
6291	9561
2646	9562
2117	9563
2116	9564
3043	9565
7040	9566
1985	9567
8030	9568
5678	9569
4114	9570
9721	9571
556	9572
3960	9573
8665	9574
6019	9575
5128	9576
5620	9577
3147	9578
7148	9579
8128	9580
3987	9581
1035	9582
3908	9583
5813	9584
2019	9585
6546	9586
8678	9587
7042	9588
8183	9589
9733	9590
3916	9591
119	9592
8282	9593
1531	9594
541	9595
2900	9596
1576	9597
5573	9598
6674	9599
3287	9600
5511	9601
8937	9602
2789	9603
8747	9604
1580	9605
8986	9606
720	9607
5698	9608
1908	9609
7451	9610
6816	9611
6124	9612
3585	9613
8023	9614
8987	9615
6757	9616
9039	9617
378	9618
7125	9619
7743	9620
2086	9621
3682	9622
8154	9623
7674	9624
8799	9625
4078	9626
8148	9627
1043	9628
1351	9629
7430	9630
5392	9631
3879	9632
5660	9633
3610	9634
3996	9635
1529	9636
2137	9637
9192	9638
1742	9639
7746	9640
3591	9641
2826	9642
6981	9643
8796	9644
6805	9645
3313	9646
7261	9647
9771	9648
9467	9649
3619	9650
464	9651
6680	9652
6711	9653
44	9654
938	9655
3104	9656
6027	9657
6825	9658
6024	9659
890	9660
7564	9661
7353	9662
6450	9663
2075	9664
9750	9665
1110	9666
3324	9667
1404	9668
3377	9669
1161	9670
4638	9671
6416	9672
7906	9673
4942	9674
3938	9675
6191	9676
8647	9677
8334	9678
4843	9679
9576	9680
3318	9681
9348	9682
5605	9683
5875	9684
5625	9685
8897	9686
8906	9687
7380	9688
2288	9689
6896	9690
2606	9691
4697	9692
576	9693
1607	9694
5131	9695
6686	9696
7616	9697
5333	9698
5458	9699
2470	9700
5	9701
5439	9702
1743	9703
8909	9704
8790	9705
8707	9706
1038	9707
1429	9708
3517	9709
2810	9710
6133	9711
1676	9712
2816	9713
3617	9714
1663	9715
5956	9716
4915	9717
8343	9718
3880	9719
9675	9720
3276	9721
4587	9722
4836	9723
5910	9724
8902	9725
1491	9726
3586	9727
3220	9728
9089	9729
6483	9730
6283	9731
5743	9732
97	9733
912	9734
6634	9735
626	9736
3631	9737
104	9738
8712	9739
5460	9740
619	9741
4990	9742
1732	9743
3767	9744
1123	9745
4135	9746
5417	9747
8535	9748
2202	9749
4736	9750
8669	9751
9482	9752
2373	9753
8912	9754
561	9755
8949	9756
4999	9757
283	9758
1004	9759
7481	9760
4652	9761
4510	9762
7803	9763
1116	9764
4292	9765
3484	9766
8804	9767
7141	9768
2946	9769
5756	9770
5040	9771
5388	9772
242	9773
1297	9774
5006	9775
3635	9776
9226	9777
4729	9778
3872	9779
9354	9780
918	9781
5214	9782
6859	9783
7289	9784
6290	9785
9500	9786
5679	9787
8506	9788
5775	9789
58	9790
6590	9791
4069	9792
5467	9793
9679	9794
7669	9795
6379	9796
8634	9797
6891	9798
2297	9799
17	9800
5570	9801
3781	9802
5922	9803
1246	9804
2382	9805
1174	9806
9535	9807
4402	9808
2124	9809
9669	9810
674	9811
630	9812
1669	9813
2212	9814
7853	9815
7126	9816
6332	9817
9406	9818
583	9819
183	9820
8622	9821
4223	9822
8110	9823
9090	9824
574	9825
8586	9826
2275	9827
1567	9828
3187	9829
2135	9830
6526	9831
7782	9832
193	9833
7377	9834
1681	9835
9598	9836
5136	9837
9795	9838
5539	9839
8544	9840
5580	9841
3955	9842
4019	9843
2530	9844
7668	9845
5430	9846
8738	9847
1644	9848
5441	9849
6327	9850
701	9851
7122	9852
2714	9853
6076	9854
3761	9855
6597	9856
3690	9857
2088	9858
1642	9859
4503	9860
4566	9861
3603	9862
9466	9863
6284	9864
4832	9865
7084	9866
2586	9867
7417	9868
6548	9869
1936	9870
7358	9871
5518	9872
2269	9873
6956	9874
3507	9875
4095	9876
9518	9877
3713	9878
7074	9879
5525	9880
600	9881
8102	9882
4483	9883
2415	9884
6957	9885
4373	9886
4499	9887
4279	9888
9429	9889
6784	9890
8403	9891
3223	9892
9306	9893
6395	9894
1828	9895
2728	9896
640	9897
2954	9898
3119	9899
3246	9900
6583	9901
3338	9902
4660	9903
2241	9904
506	9905
7161	9906
9496	9907
4055	9908
6256	9909
2293	9910
9142	9911
710	9912
4818	9913
2615	9914
9471	9915
8913	9916
875	9917
415	9918
6733	9919
1238	9920
217	9921
5022	9922
9618	9923
4762	9924
1935	9925
2352	9926
1527	9927
3461	9928
2152	9929
6222	9930
2474	9931
3427	9932
8474	9933
4535	9934
6882	9935
6164	9936
7014	9937
7667	9938
7977	9939
8729	9940
8867	9941
8999	9942
3887	9943
24	9944
4621	9945
2261	9946
6731	9947
2498	9948
9035	9949
8567	9950
5114	9951
5216	9952
254	9953
1770	9954
7237	9955
5878	9956
7558	9957
4377	9958
1202	9959
6671	9960
9701	9961
1671	9962
1386	9963
9477	9964
4268	9965
3557	9966
9178	9967
273	9968
2700	9969
8045	9970
9352	9971
8717	9972
522	9973
6170	9974
7165	9975
5244	9976
4190	9977
5638	9978
4664	9979
7629	9980
6836	9981
2626	9982
6183	9983
9840	9984
6	9985
2902	9986
5168	9987
6623	9988
2427	9989
5382	9990
2429	9991
3667	9992
9153	9993
9219	9994
7838	9995
6427	9996
7678	9997
584	9998
7883	9999
4329	10000
